Feature	Gain	Cover	Frequency
mcaja_ahorro_min3	0.02481053467651	0.003816774798987	0.00362679386487931
mcaja_ahorro_avg3	0.0247488921846807	0.00310656945216947	0.00399687487149965
cdescubierto_preacordado_ratioavg3	0.0225276898526163	0.00519681860286118	0.00185040503310169
ctrx_quarter_normalizado	0.0222229628135906	0.00186213644404459	0.00127472346724783
ctarjeta_visa	0.0190185433051316	0.00229937349662003	0.00121715531066244
ctrx_quarter_max3	0.0180600504917443	0.00211178615381404	0.00361856984250997
mcaja_ahorro	0.0154355289909503	0.00592894050358918	0.00384884246885152
mtarjeta_visa_consumo	0.015064006665554	0.00302293296766874	0.00268925531477446
mcuentas_saldo	0.0148852200383876	0.00946243304656576	0.00532916649533287
cpayroll_trx_ratioavg3	0.0139467525817778	0.00666392450702056	0.00196554134627246
ctrx_quarter_normalizado_max3	0.0138251201263709	0.00237479356510767	0.00324026481352029
mpayroll_sobre_edad	0.0129812820040308	0.00531796765503169	0.00180928492125499
ctrx_quarter	0.0115807261872817	0.00157027995328795	0.00134051564620256
mcaja_ahorro_ratioavg3	0.0112157311641936	0.00219654769696579	0.00146387598174267
mpayroll_min3	0.00975836202286044	0.00248643998556406	0.0017105966528229
ctrx_quarter_normalizado_min3	0.00973462900179423	0.00111288780587917	0.000986882684320901
mpayroll_sobre_edad_min3	0.009620410796159	0.00240719945757621	0.00129939553435585
mcuenta_corriente_avg3	0.00958316789331633	0.00335061461698329	0.0044491961018134
mcuentas_saldo_min3	0.00956688774798773	0.00333666576778952	0.00412023520703976
Visa_msaldopesos	0.00898872171108034	0.00534878478224305	0.00406266705045438
mpayroll	0.00898383827928793	0.00534691206935336	0.00184218101073235
Master_status_max3	0.00828721027348611	0.000864836698922678	0.000912866482996834
cproductos	0.00819782021613604	0.00817915788039235	0.00308400838850282
mcuentas_saldo_avg3	0.00818927467742219	0.002362731290814	0.00360212179777129
Visa_mfinanciacion_limite	0.00797057723111455	0.00234480493895697	0.00383239442411283
mpayroll_sobre_edad_avg3	0.00793167190234412	0.00233027325929987	0.00165302849623751
mpasivos_margen_avg3	0.00786957559269007	0.000556256363353641	0.000904642460627493
mcuenta_corriente	0.00758131080235978	0.00671043396660545	0.00473703688474033
ctarjeta_visa_avg3	0.00715403829549705	0.00100139744483025	0.000805954192195403
ctarjeta_visa_transacciones	0.0067557420260662	0.00185329203424394	0.000937538550104856
ctarjeta_debito_transacciones	0.00657402783814916	0.00105836377903915	0.00123360335540113
mpasivos_margen_max3	0.00655726104520528	0.00219206347074794	0.00329783297010568
Visa_mpagospesos_ratioavg3	0.0062346174595678	0.00190824175895191	0.00277971956083721
mpayroll_avg3	0.00619306755228632	0.0030726267546247	0.00226983017393807
Visa_delinquency_avg3	0.00616725380748803	0.00146035376360678	0.00134051564620256
ctarjeta_master_ratioavg3	0.00595140385688665	0.000660459152518989	0.000731937990871335
Visa_mconsumototal	0.00581179357014962	0.00138838971789417	0.00297709609770139
cextraccion_autoservicio_avg3	0.00580714436905096	0.00059891218404567	0.00170237263045355
mtarjeta_visa_consumo_avg3	0.00569261173321976	0.00151877891790434	0.00199843743574983
Visa_msaldopesos_avg3	0.00557764997894774	0.00173936777246471	0.00314980056745754
ctarjeta_debito_transacciones_eficiencia3	0.00555882761868976	0.000959361300719535	0.00278794358320655
Visa_cconsumos_ratioavg3	0.00503858068641794	0.00222419507427508	0.00265635922529709
Visa_mconsumospesos	0.00492452256096723	0.00108173584404227	0.00240963855421687
cdescubierto_preacordado_tend3	0.004895505138041	0.00412456589428614	0.00100333072905958
Visa_status_max3	0.00486032083019023	0.00124962527006134	0.00115958715407706
Visa_mconsumospesos_min3	0.0048344698171129	0.000770479514438595	0.00225338212919939
Visa_Finiciomora	0.00476622209246842	0.00500396843601414	0.00199843743574983
mactivos_margen_min3	0.00434427068395396	0.00667251188831858	0.00432583576627328
mactivos_margen_avg3	0.00426751030366329	0.00835715020789229	0.00381594637937415
ctarjeta_visa_transacciones_ratioavg3	0.00423273639280056	0.00504789598437051	0.00283728771742259
Visa_msaldototal_max3	0.0041960369135844	0.00264834567356866	0.0034623134174925
ctrx_quarter_ratioavg3	0.00415791455619823	0.00348781265764024	0.00377482626752745
ctrx_quarter_normalizado_eficiencia3	0.00412104763450255	0.00197307214581262	0.00559233521115178
internet_avg3	0.0041016849051261	0.00687252522668484	0.00234384637526214
mactivos_margen	0.0038984571511594	0.0135767653787439	0.00458900448209219
Visa_delinquency	0.00365172559020233	0.0018676067510801	0.000953986594843538
ctrx_quarter_avg3	0.00363659826447166	0.000684259419495156	0.000921090505366175
mtarjeta_visa_consumo_min3	0.0036117181721485	0.00148960376818366	0.00194086927916444
Visa_Finiciomora_avg3	0.00349824789307895	0.00246917373369933	0.00125005140013981
Visa_madelantopesos_min3	0.00340894772409136	0.000114923041987068	4.93441342160451e-05
mcuenta_corriente_min3	0.00338809623802918	0.00275113087094726	0.00282083967268391
ctrx_quarter_normalizado_ratioavg3	0.00337163620359526	0.00209347488522934	0.00306756034376414
ctarjeta_visa_transacciones_max3	0.00329895796701332	0.00138930210647586	0.00187507710020971
cpayroll_trx_max3	0.00320052376379218	0.00124947439772873	0.00100333072905958
cproductos_min3	0.00312337647562357	0.00263084135285425	0.0023767424647395
Visa_mconsumototal_avg3	0.0030694724853936	0.00123302949233863	0.00263168715818907
cdescubierto_preacordado_eficiencia3	0.00306188430574325	0.00109058874991381	0.00068259385665529
mpasivos_margen_tend3	0.00304328616175295	0.00195325904019084	0.00286195978453061
mrentabilidad_annual_max3	0.00302103960453666	0.000834381325466754	0.00127472346724783
mpayroll_sobre_edad_ratioavg3	0.00300632370009601	0.00246448908964071	0.00124182737777047
ctarjeta_visa_eficiencia3	0.00293897567003951	0.000773619483376366	0.00107734693038365
Master_Finiciomora	0.00281679639422081	0.00240491911214826	0.00130761955672519
ctrx_quarter_tend3	0.00256107160605548	0.00194728174130378	0.00317447263456557
ctarjeta_visa_tend3	0.00253004215524159	0.000189634806459124	0.000131584357909454
mcuenta_corriente_ratioavg3	0.00251066440292285	0.00148533274862908	0.00205600559233521
Visa_msaldopesos_min3	0.00248593294262667	0.00164014072957651	0.00250832682264896
Visa_mpagominimo_ratioavg3	0.00247593602926636	0.00402942304682518	0.002919527941116
Visa_mpagominimo_tend3	0.00247147256066971	0.00186556277528765	0.00265635922529709
mrentabilidad_annual_avg3	0.00243325625243917	0.00347927312263619	0.00338829721616843
Visa_mpagominimo_max3	0.00241487221546472	0.0027561207475318	0.00364324190961799
cpayroll_trx_avg3	0.00240828051337038	0.000650704053350826	0.000452321230313746
internet	0.00240413529076669	0.00474686060691697	0.00187507710020971
mpayroll_eficiencia3	0.00238615270266468	0.00336814639342154	0.00240963855421687
ccomisiones_mantenimiento_tend3	0.00237263158982566	0.00329314942926442	0.0013898597804186
mcuenta_debitos_automaticos	0.00237103807952033	0.00319083554023962	0.00188330112257905
mcuenta_corriente_eficiencia3	0.00236049860401425	0.00209581926420213	0.00409556313993174
mcaja_ahorro_tend3	0.00227998805948868	0.00180045729459463	0.00110201899749167
ccomisiones_mantenimiento_ratioavg3	0.0022789177740073	0.00925463149415946	0.00300176816480941
mcomisiones_mantenimiento_eficiencia3	0.00227860802722169	0.00488697834469472	0.0035445536411859
cdescubierto_preacordado_avg3	0.00223507623138303	0.00101244913384916	0.000731937990871335
mtransferencias_recibidas_max3	0.00220730701883985	0.000992840649387445	0.00291130391874666
Master_fultimo_cierre_eficiencia3	0.0022042160044234	0.00356302953588502	0.00347053743986184
mpayroll_sobre_edad_eficiencia3	0.0021958815875927	0.00206159154583695	0.00129117151198651
mrentabilidad_max3	0.00217181196910811	0.00122783186446266	0.00293597598585468
mtarjeta_visa_consumo_max3	0.00217140449324348	0.000810643929415203	0.00101155475142892
ctarjeta_visa_transacciones_avg3	0.00206303214278728	0.000577064135296292	0.000814178214564744
mtarjeta_visa_consumo_ratioavg3	0.00205954239617536	0.000927813600843619	0.00106912290801431
mrentabilidad_annual	0.00203677201390428	0.00187238172178718	0.0039064106254369
cproductos_tend3	0.00202106071554276	0.00473901399356858	0.000608577655331223
Visa_fultimo_cierre_eficiencia3	0.0020046462675294	0.00544292670312038	0.00369258604383404
internet_eficiencia3	0.0019950857485882	0.00275083878497316	0.00293597598585468
ctarjeta_visa_min3	0.00199472654324152	0.00102592399171937	0.00078128212508738
mcomisiones_mantenimiento_max3	0.00196374393764649	0.000854061534653284	0.000756610057979358
foto_mes	0.00195901436280235	0.00727281018397253	0.00200666145811917
Master_msaldopesos	0.00194478256116687	0.00231961498307952	0.00236851844237016
mpagomiscuentas	0.00192874170157955	0.00351415718483602	0.00159546033965212
cproductos_ratioavg3	0.00191796275175392	0.00622053638855019	0.000986882684320901
mpasivos_margen	0.00189614233121871	0.000976720919931776	0.00106089888564497
mextraccion_autoservicio_ratioavg3	0.00188508236174734	0.000470784995836777	0.00183395698836301
mpayroll_ratioavg3	0.00187591341056049	0.00169398480244803	0.000756610057979358
ctrx_quarter_normalizado_tend3	0.00187530935947987	0.0012639847030601	0.00220403799498335
ctarjeta_master_tend3	0.00180700717182097	0.000381148407206049	0.00038652905135902
mactivos_margen_eficiencia3	0.0017997545215154	0.0021518737464233	0.00392285867017558
Visa_msaldototal_ratioavg3	0.00177856648878234	0.00170913928881782	0.00285373576216127
mcomisiones_mantenimiento	0.00177699729656492	0.0060449794821301	0.00334717710432172
ccaja_ahorro_ratioavg3	0.00176433929481927	0.00520993957702057	0.0011266910645997
mpayroll_max3	0.00174390377999618	0.00119057408948738	0.000847074304042107
Visa_mpagospesos_avg3	0.00174379895945429	0.000643631745074013	0.00131584357909454
ctrx_quarter_normalizado_avg3	0.00172285573282306	0.000583730689113674	0.000986882684320901
mautoservicio_max3	0.00172109688996843	0.000579041215709488	0.0017517167646696
Visa_mpagospesos_max3	0.00168871864924759	0.00163306386025111	0.00294420000822402
mcaja_ahorro_eficiencia3	0.00167380087468107	0.000927128102070962	0.00319914470167359
Master_mfinanciacion_limite	0.0016582441852045	0.00137110289659464	0.00334717710432172
mactivos_margen_max3	0.00163561590624269	0.00352284034815433	0.00122537933303179
mpasivos_margen_ratioavg3	0.00162845758225156	0.00239238812303821	0.00342119330564579
Visa_mpagospesos	0.00162805997592969	0.000945316043479205	0.000937538550104856
cpagomiscuentas_ratioavg3	0.00160264817927631	0.000835100450793687	0.00189974916731774
cdescubierto_preacordado	0.0015984317605563	0.00155748683803275	0.000402977096097701
mcuenta_debitos_automaticos_min3	0.00158861425067395	0.00216626796859656	0.00185862905547103
mautoservicio_ratioavg3	0.0015638975421813	0.00103669262742902	0.00217114190550598
Visa_status_tend3	0.00155321374143864	0.00102241439898155	0.00105267486327563
mtransferencias_recibidas_ratioavg3	0.00155007104707042	0.000845980876909841	0.00260701509108105
cmobile_app_trx_max3	0.00153965900425071	0.00159359344011806	0.00318269665693491
Visa_status_avg3	0.00153638584576209	0.000226799661248525	0.000312512850034952
ccaja_ahorro_max3	0.00152917318094913	0.00498093388860634	0.00129939553435585
cextraccion_autoservicio	0.00151608821093822	0.0003623542934976	0.000847074304042107
Visa_mpagospesos_tend3	0.0014983558497201	0.00341772159311429	0.00303466425428677
mcomisiones_otras	0.00149166873736956	0.00133181438181104	0.00236851844237016
mcomisiones_otras_avg3	0.00146836148916635	0.000858730438622674	0.00282083967268391
mtarjeta_master_consumo_ratioavg3	0.00143173802976069	0.00146923689760424	0.00171882067519224
Master_fechaalta_ratioavg3	0.00141395043603682	0.00168618514107037	0.00312512850034952
Visa_status_ratioavg3	0.00140465634078321	0.00112224627268507	0.000542785476376496
mcuentas_saldo_tend3	0.00139716096793572	0.00499458850545019	0.00138163575804926
mcuentas_saldo_max3	0.00139236470874872	0.000793592046833974	0.00151322011595872
mtransferencias_emitidas_ratioavg3	0.00138411588291901	0.00228478529573341	0.00277149553846787
cliente_edad_max3	0.00138004279778983	0.00633196316321589	0.00385706649122086
mcuenta_corriente_tend3	0.00136307426910126	0.00388147452522059	0.00131584357909454
chomebanking_transacciones_ratioavg3	0.00135682800215363	0.00100194790079186	0.00322381676878161
cproductos_avg3	0.00134395533195015	0.00185963654225828	0.00225338212919939
mcuenta_corriente_max3	0.00133696053751608	0.000667853685463498	0.00115958715407706
mcomisiones_mantenimiento_tend3	0.00131321419561811	0.00347860398997905	0.0011678111764464
Master_fechaalta_max3	0.00131303357159413	0.00142151786582102	0.00338829721616843
Visa_msaldopesos_max3	0.00129976212772329	0.00076521561720965	0.00104445084090629
Visa_fechaalta_ratioavg3	0.00129600616432327	0.00136226027544049	0.00335540112669107
mcaja_ahorro_dolares	0.00128746691546133	0.00505754948841725	0.00295242403059336
Visa_mfinanciacion_limite_ratioavg3	0.00127938251002936	0.000941403200387056	0.000600353632961882
kmes	0.00127906402701039	0.000819222188616059	0.00218758995024466
mrentabilidad_annual_min3	0.00127859243300053	0.00239560822333936	0.00324026481352029
mpayroll_sobre_edad_tend3	0.00127163268714127	0.00262292274648406	0.00097865866195156
Visa_Fvencimiento_ratioavg3	0.00126923187693831	0.000852121747519697	0.00319092067930425
ctarjeta_visa_transacciones_tend3	0.00126614799246697	0.00185341902814573	0.00209712570418192
chomebanking_transacciones_max3	0.00126069994866951	0.00131227145124369	0.00286195978453061
mcuentas_saldo_ratioavg3	0.00125651043462603	0.00418990005343471	0.00196554134627246
mcomisiones_ratioavg3	0.00124869373966005	0.000825950003576202	0.00258234302397303
Visa_Finiciomora_min3	0.00122562041643914	0.00149635295746953	0.000995106706690242
mttarjeta_visa_debitos_automaticos_eficiencia3	0.00121388260444321	0.00152404514037375	0.00313335252271886
Visa_fechaalta_eficiencia3	0.0012102609040192	0.000987600541157003	0.00276327151609852
mcomisiones_mantenimiento_min3	0.00120670978675548	0.00316635433553938	0.002919527941116
mcuentas_saldo_eficiencia3	0.00117555782246506	0.00097567617150879	0.0029606480529627
Visa_fechaalta_tend3	0.00117114263987125	0.00105689288558659	0.00135696369094124
Visa_status_eficiencia3	0.00116734157583136	0.000692702725317286	0.000657921789547268
Visa_fechaalta_max3	0.00116215029415142	0.00143296314650314	0.0034623134174925
ctransferencias_recibidas_eficiencia3	0.00114837223582935	0.0005450239316055	0.00302644023191743
mcomisiones_mantenimiento_avg3	0.00114696535177972	0.00252909464363586	0.00267280727003578
mcomisiones_otras_eficiencia3	0.00113703811034803	0.00124723188217434	0.0029606480529627
Visa_mconsumosdolares_max3	0.00113267601092763	0.00139136262724847	0.00166947654097619
ctransferencias_recibidas_avg3	0.00112556110440032	0.00113237519897257	0.00245898268843291
kmes_eficiencia3	0.00112505676906314	0.00361023370577207	0.0027385994489905
ccallcenter_transacciones_ratioavg3	0.00112007167411169	0.00112514164421342	0.00147210000411201
Master_mlimitecompra	0.0011149913060449	0.000893067532721577	0.00330605699247502
Visa_Fvencimiento_tend3	0.00111388374630517	0.00115111288088382	0.00133229162383322
mrentabilidad_tend3	0.00111337194181196	0.00167508837815955	0.00272215140425182
mcaja_ahorro_dolares_eficiencia3	0.00110845793910547	0.00420734651143472	0.00291130391874666
ccuenta_debitos_automaticos_ratioavg3	0.00110307727202443	0.00334286602146331	0.00224515810683005
Visa_mpagominimo_min3	0.00110208926331925	0.00143717630334331	0.00118425922118508
Visa_fultimo_cierre_avg3	0.00110185123783277	0.00207141926405318	0.00146387598174267
Visa_fultimo_cierre_max3	0.00109570439134259	0.00250370829437228	0.00264813520292775
ccaja_seguridad	0.0010929768114855	0.00547920921858936	0.00106089888564497
mcaja_ahorro_dolares_min3	0.00108737385861102	0.00167506467859338	0.00259056704634237
ctarjeta_visa_transacciones_min3	0.00108440046920104	0.000852951232335927	0.00108557095275299
mpagomiscuentas_avg3	0.00107459081820314	0.000836576710185763	0.00155434022780542
ctarjeta_visa_ratioavg3	0.00106501774792153	0.000276595222190568	0.000213824581602862
cmobile_app_trx_tend3	0.00106226691375728	0.00105694234166243	0.00243431062132489
Master_mfinanciacion_limite_avg3	0.00106055671382436	0.000691888175699364	0.00300999218717875
Visa_mpagosdolares_max3	0.00105763764676168	0.000103879759606725	0.000263168715818907
Visa_mlimitecompra	0.00105539840528505	0.00111750770093435	0.0031004564332415
Master_mlimitecompra_min3	0.0010546981309919	0.00107524448814995	0.00315802458982688
Visa_cconsumos_tend3	0.00105458837874494	0.00160714699843444	0.00247543073317159
numero_de_cliente	0.00105329750268145	0.00355163845119198	0.00345408939512316
Visa_Fvencimiento_max3	0.00104723463469472	0.000757937972314177	0.00331428101484436
Visa_mfinanciacion_limite_eficiencia3	0.00104313414944943	0.000616297202038268	0.0013487396685719
Master_fechaalta_eficiencia3	0.0010419991197583	0.000908202343979818	0.00271392738188248
mtransferencias_emitidas_max3	0.00104047305263173	0.00125513278094413	0.00202310950285785
mcomisiones_tend3	0.00103906613692241	0.0012883025149022	0.00189152514494839
cpayroll_trx_eficiencia3	0.00103718064252473	0.000756992940933789	0.000674369834285949
Master_Fvencimiento_max3	0.00102067839055205	0.00195558678475115	0.00311690447798018
cliente_antiguedad_eficiencia3	0.00102059592182464	0.00146697989401317	0.00319914470167359
cproductos_eficiencia3	0.00101967216687239	0.00111463638670148	0.00191619721205642
Master_Fvencimiento_ratioavg3	0.00101722104176371	0.000770873195534125	0.00276327151609852
mtransferencias_recibidas_min3	0.00101305019781227	0.0028742460927873	0.00103622681853695
mpagomiscuentas_min3	0.00101119093840829	0.00312890267128306	0.00164480447386817
catm_trx_max3	0.00101115101247882	0.000336517384179654	0.000921090505366175
Visa_mpagospesos_eficiencia3	0.00101114118693765	0.000718338233038882	0.00323204079115095
Visa_mpagospesos_min3	0.000994174008346853	0.000428947480920328	0.00103622681853695
ccomisiones_otras_max3	0.00099239226496097	0.000874646530673863	0.00225338212919939
cliente_antiguedad	0.000992248684531912	0.00125694521644663	0.003281384925367
cdescubierto_preacordado_min3	0.000983642073441889	0.00075982883996588	0.000394753073728361
Master_fultimo_cierre_max3	0.000978602868332034	0.00151119621934761	0.0021546938607673
Visa_cconsumos_eficiencia3	0.000974170705874758	0.000783790800586009	0.00309223241087216
cliente_antiguedad_avg3	0.000967732469543758	0.00192378187750796	0.00303466425428677
mcomisiones_max3	0.000964341699387121	0.00065748570657074	0.00241786257658621
ctransferencias_emitidas_eficiencia3	0.000957138839187747	0.000719942648952969	0.00217936592787532
Visa_mfinanciacion_limite_min3	0.000952868995860333	0.000830703063363605	0.0022945022410461
thomebanking	0.000951597620859803	0.00427615592130822	0.00114313910933838
Visa_msaldopesos_ratioavg3	0.000950366879493866	0.000651780729113909	0.000962210617212879
Visa_mconsumospesos_avg3	0.000950268545737857	0.00140138083631737	0.00305111229902545
mplazo_fijo_dolares_ratioavg3	0.000950139740646289	0.00355007749938794	0.00168592458571487
Visa_mfinanciacion_limite_avg3	0.00094793503168393	0.00108037271654157	0.00340474526090711
Visa_fultimo_cierre_tend3	0.000947639885225967	0.000780334867243306	0.0017517167646696
Master_status_avg3	0.000942718987070679	0.000267610493071678	0.000254944693449566
Visa_mpagado_eficiencia3	0.000941457548381889	0.00244509676310899	0.00146387598174267
ccomisiones_mantenimiento_max3	0.000937951777676367	0.00219232497086682	0.00117603519881574
mtarjeta_visa_consumo_eficiencia3	0.000936770928141568	0.000475810377054414	0.00209712570418192
ccaja_ahorro_eficiencia3	0.000919402044334538	0.00115879073543456	0.000551009498745837
Visa_mpagominimo	0.000917495559335532	0.00142708681671122	0.00105267486327563
Visa_Fvencimiento_eficiencia3	0.000917042992413251	0.00114729966540194	0.00263168715818907
mttarjeta_visa_debitos_automaticos_min3	0.000914012229980839	0.000882944240670566	0.00194909330153378
Master_fechaalta_min3	0.000911212114105156	0.000689136432485286	0.00184218101073235
mrentabilidad_ratioavg3	0.000910418890808862	0.000647695997092725	0.00196554134627246
Master_status	0.000897179152847995	0.00057215251199631	0.000452321230313746
kmes_min3	0.000894916437209546	0.000846785141810364	0.00213824581602862
Visa_mpagominimo_eficiencia3	0.000893149789130949	0.000596838158991957	0.00250832682264896
mcuenta_debitos_automaticos_eficiencia3	0.000891418215537509	0.00108326415304761	0.00260701509108105
mactivos_margen_tend3	0.000890770541166782	0.000889721332841895	0.00120070726592376
tmobile_app_avg3	0.000880276069328412	0.000924659859327767	0.00180928492125499
Master_status_eficiencia3	0.000880119174430201	0.000208156867034314	0.000312512850034952
ccallcenter_transacciones_tend3	0.000866836063390398	0.00274924501150577	0.00175994078703894
internet_max3	0.000864526212229877	0.00357844623783229	0.000953986594843538
ctarjeta_visa_debitos_automaticos_ratioavg3	0.000864144831688369	0.00144947226430272	0.0019326452567951
chomebanking_transacciones_tend3	0.000863569419207822	0.00538122716310027	0.00268103129240512
Visa_mlimitecompra_avg3	0.000862905442322245	0.00120170072279481	0.00282906369505325
Visa_cconsumos_max3	0.000858092613697812	0.00318966370848252	0.00282906369505325
cmobile_app_trx_ratioavg3	0.000857711681757947	0.000925434074967024	0.00207245363707389
Master_mpagominimo	0.000855128245381703	0.00116116122864631	0.000649697767177927
mcomisiones_otras_min3	0.000847185555293696	0.000853116771569872	0.00220403799498335
mcuenta_debitos_automaticos_avg3	0.000847040188353825	0.00140196277245744	0.00168592458571487
Master_mfinanciacion_limite_min3	0.000845143159328574	0.000619668621833656	0.00236029442000082
ctarjeta_master_transacciones	0.000843603367153491	0.000874557098348662	0.000912866482996834
Visa_msaldototal_tend3	0.00084345559645393	0.00129869061606813	0.00245898268843291
Master_delinquency	0.000842960267492303	0.00105771324830565	0.000518113409268473
tmobile_app_eficiencia3	0.000833936800991751	0.00106838869553245	0.00231095028578478
Visa_delinquency_ratioavg3	0.000831174598624093	0.00037958334151505	0.000337184917142975
Visa_mconsumototal_min3	0.000827561366360995	0.000935820298054122	0.00248365475554094
matm_eficiencia3	0.000826562230234656	0.00092021113774302	0.00166947654097619
thomebanking_avg3	0.000817067975168106	0.00166612582825731	0.00139808380278794
Visa_fultimo_cierre_ratioavg3	0.000808365110815679	0.000732925003008298	0.00238496648710885
ccomisiones_otras_ratioavg3	0.000807514243971451	0.000536162797960037	0.00203133352522719
Master_fechaalta	0.00080592623340574	0.00131628803583307	0.00189152514494839
cliente_antiguedad_min3	0.000805214791522723	0.00102178658405864	0.00246720671080225
ctarjeta_master	0.000804649782966702	0.000307606506979934	0.00019737653686418
kmes_avg3	0.000795854979961381	0.00105865613331023	0.00180928492125499
Master_mlimitecompra_avg3	0.000795836215426886	0.000813587683831485	0.00261523911345039
matm_max3	0.00078868458811079	0.000251606131315517	0.000378305028989679
mcaja_ahorro_dolares_avg3	0.000779478965656104	0.00110235214137666	0.00258234302397303
tmobile_app	0.000777601206110498	0.00138675739909462	0.00129117151198651
matm	0.000777448998915472	0.000373489065146623	0.000953986594843538
internet_ratioavg3	0.000776806953069524	0.00111209060613234	0.000773058102718039
Visa_mlimitecompra_min3	0.000770557915784439	0.00098540542473497	0.002557670956865
Master_status_ratioavg3	0.000769185229177694	0.000771959798285305	0.000625025700069904
Master_mconsumospesos	0.000758701100090898	0.000431633044213758	0.00130761955672519
Visa_fechaalta_avg3	0.000757830945752434	0.000712083157349745	0.00125827542250915
mautoservicio_avg3	0.000748777278901764	0.000533902306508282	0.000534561454007155
mttarjeta_visa_debitos_automaticos	0.000741962019873783	0.000620474675380683	0.00207245363707389
mttarjeta_visa_debitos_automaticos_avg3	0.00073552734483576	0.000854351921413209	0.00218758995024466
mpayroll_tend3	0.000735172682845565	0.00268675685724205	0.000986882684320901
cmobile_app_trx_eficiencia3	0.000733644176620042	0.000783190620251592	0.00125005140013981
ctransferencias_recibidas	0.000733031900767134	0.000838218419379459	0.00144742793700399
ccajas_consultas_max3	0.000728676166093349	0.00310819864083764	0.00181750894362433
matm_min3	0.000728533178919266	0.00166164893549013	0.00100333072905958
cplazo_fijo	0.000727574111995891	0.00585877610455657	0.00107734693038365
mttarjeta_visa_debitos_automaticos_ratioavg3	0.000725921080485651	0.000849197042188682	0.00104445084090629
ccajas_transacciones_eficiencia3	0.000716373218442714	0.00106650462473746	0.00216291788313664
Master_fultimo_cierre_ratioavg3	0.000713597284280657	0.000748007585788623	0.00203955754759653
mtarjeta_master_consumo_max3	0.000712177620066979	0.000622268330094894	0.00087174637115013
Visa_msaldototal_avg3	0.000710887101765598	0.000656037171199476	0.000912866482996834
Master_delinquency_eficiencia3	0.000707946417883747	0.00113587862087995	0.000855298326411448
Master_msaldopesos_avg3	0.000705580247899316	0.000681350811982678	0.00159546033965212
Visa_delinquency_eficiencia3	0.000695296635620996	0.0011857196134432	0.00115136313170772
mextraccion_autoservicio_max3	0.000681499471023803	0.000969978885231926	0.0017928368765163
ctransferencias_emitidas_avg3	0.000681202257564013	0.00144996280060645	0.00198198939101114
cliente_edad_avg3	0.000676888989566941	0.00239876071280266	0.00143920391463465
mactivos_margen_ratioavg3	0.000671820637768891	0.00464741731666644	0.00174349274230026
cpagomiscuentas_max3	0.000668005826986321	0.00069479105954303	0.00139808380278794
Visa_msaldopesos_eficiencia3	0.000665443850893949	0.000329054882667993	0.00158723631728278
Master_mconsumototal	0.000663924706276387	0.000356969483764985	0.00109379497512233
ccaja_seguridad_avg3	0.000663122140153301	0.00323720906269021	0.000797730169826062
Master_msaldototal_max3	0.000662636634203136	0.00102165815923966	0.00151322011595872
mrentabilidad_annual_eficiencia3	0.000662398521786671	0.00234341113616873	0.00244253464369423
ctransferencias_emitidas	0.000660701948856892	0.000933671865305843	0.00136518771331058
Visa_mconsumosdolares_ratioavg3	0.000660211534122349	0.00070881601564554	0.00148854804885069
Visa_delinquency_min3	0.000648885935981783	8.82557535296402e-05	0.000123360335540113
ccaja_ahorro_tend3	0.000647399295435556	0.00276213372991662	0.000625025700069904
Master_mpagominimo_tend3	0.000641111195541521	0.00173049778501905	0.00157901229491344
ccajas_consultas_tend3	0.000631881912263189	0.00256543546898087	0.00141453184752663
cpayroll_trx_tend3	0.000625887712294084	0.00113651904576071	0.00100333072905958
mtransferencias_emitidas_tend3	0.00062570302663144	0.00077302207544403	0.00166947654097619
cliente_edad	0.000624223941557955	0.00375981418844691	0.0015707882725441
ctarjeta_debito_transacciones_avg3	0.000623111834168903	0.000535154895655033	0.00201488548048851
cextraccion_autoservicio_eficiencia3	0.000622643783514091	0.000475499778588994	0.0019737653686418
ccallcenter_transacciones_max3	0.000620966688266633	0.00105774812691248	0.00163658045149883
mtarjeta_visa_consumo_tend3	0.000620863878229744	0.000479131804180015	0.00068259385665529
mtransferencias_recibidas	0.000618297428232885	0.0022816838721278	0.00127472346724783
internet_min3	0.000613498181536787	0.000677088735660623	0.000740162013240676
mrentabilidad_eficiencia3	0.000610598565249526	0.0004490600953992	0.000921090505366175
thomebanking_eficiencia3	0.00060988964563921	0.00425317181373183	0.00180928492125499
mautoservicio_tend3	0.000608351061284954	0.000509336767125379	0.00162013240676015
Master_mpagominimo_max3	0.000600880893226537	0.000896674696126193	0.00164480447386817
ctarjeta_visa_debitos_automaticos_max3	0.000597583445320035	0.0011176526707335	0.0017517167646696
mrentabilidad_min3	0.000594387143438827	0.000951252829522954	0.00124182737777047
cliente_edad_min3	0.000589392027085444	0.00245945557008148	0.00142275586989597
mcaja_ahorro_dolares_tend3	0.000586313464890833	0.00312132220853446	0.00101977877379826
Visa_mpagado	0.000580489880192321	0.00065096295993228	0.00115958715407706
Visa_Finiciomora_ratioavg3	0.000578971589543026	0.000457663216786462	0.000320736872404293
mrentabilidad	0.000578806027633484	0.000877750458384578	0.00109379497512233
mpagomiscuentas_eficiencia3	0.000575310602975824	0.000448336230159031	0.00203955754759653
catm_trx	0.000569810168838458	0.000263710796531333	0.000353632961881656
Visa_cconsumos_avg3	0.000569573208129287	0.000776820445159923	0.000740162013240676
ccaja_seguridad_min3	0.000567244362460771	0.00323167695791799	0.00068259385665529
mrentabilidad_avg3	0.000562231479274599	0.000517629379479546	0.00101977877379826
Master_Finiciomora_min3	0.000560685932779234	0.000847940160290322	0.000534561454007155
ctransferencias_recibidas_min3	0.000560337244197411	0.000680019075228125	0.00130761955672519
Master_mpagominimo_ratioavg3	0.0005569244745457	0.000334531271101613	0.00111846704223035
tcallcenter_eficiencia3	0.00055536446677999	0.000791536713136229	0.00160368436202146
Master_msaldototal	0.000553322069971631	0.000947827571467796	0.00087174637115013
Master_fultimo_cierre_tend3	0.000551777233711095	0.00147837947477711	0.00145565195937333
active_quarter_avg3	0.000550433694635781	0.000710329210587924	0.00105267486327563
catm_trx_ratioavg3	0.00054937734731169	0.000292464451703351	0.00157901229491344
ccaja_seguridad_eficiencia3	0.000546730219084437	0.00188214433327066	0.000822402236934085
Master_msaldototal_ratioavg3	0.000546231546691396	0.00054711664801518	0.00163658045149883
tmobile_app_min3	0.000543730336573839	0.000392664697154375	0.000904642460627493
ccaja_ahorro_avg3	0.000543262542646112	0.00139627246190194	0.0005839055882232
Visa_mpagominimo_avg3	0.00053569720526706	0.00108592378096673	0.00126649944487849
cmobile_app_trx	0.000532877845975396	0.000758881751642012	0.000912866482996834
Master_mfinanciacion_limite_eficiencia3	0.000528494956567224	0.000431153865815336	0.0015707882725441
Visa_fechaalta_min3	0.000525883855605341	0.000506469924508768	0.00137341173567992
mcomisiones_mantenimiento_ratioavg3	0.000522118056162031	0.0013528709544824	0.000953986594843538
mplazo_fijo_dolares_tend3	0.000519032719254713	0.00222051779592751	0.00138163575804926
Visa_mconsumosdolares_eficiencia3	0.000515787969316006	0.00083330151957229	0.0017105966528229
Visa_fultimo_cierre_min3	0.000513568935994194	0.000837908446940316	0.000921090505366175
active_quarter	0.000513558884312415	0.000465350819460651	0.000551009498745837
Master_msaldopesos_min3	0.00050941516312905	0.00153561714666067	0.00155434022780542
ctarjeta_debito_ratioavg3	0.000507468100685643	0.00926510741786874	0.00167770056334553
cpagomiscuentas_eficiencia3	0.000506277974249788	0.000527051790397965	0.000847074304042107
ccuenta_debitos_automaticos_tend3	0.000505535918217667	0.00363574365050909	0.00139808380278794
Visa_cconsumos_min3	0.000504632463486293	0.000256514087890166	0.000559233521115177
mtransferencias_recibidas_tend3	0.00050184136778458	0.000940001527554196	0.00150499609358937
Visa_madelantopesos_tend3	0.000497903879707689	0.000168500606529493	0.000304288827665611
ccajas_consultas_ratioavg3	0.000495024591621413	0.00232738289598174	0.00136518771331058
Visa_msaldodolares_eficiencia3	0.000489629569287811	0.000423146095416931	0.00196554134627246
ctrx_quarter_min3	0.000489426989080426	0.000900834372435894	0.000953986594843538
Master_fultimo_cierre_avg3	0.000489375768232427	0.000605484655056941	0.000888194415888811
Visa_msaldototal_eficiencia3	0.000488595967262858	0.000338701500425688	0.00172704469756158
Visa_mconsumospesos_eficiencia3	0.000486174694861021	0.00029240336942524	0.00117603519881574
Visa_mlimitecompra_eficiencia3	0.000485716032184465	0.000918035875297181	0.00138163575804926
Master_fechaalta_tend3	0.00048141627099105	0.000683922796223104	0.000995106706690242
Master_Fvencimiento_eficiencia3	0.000480802029937919	0.000557641848935639	0.00151322011595872
ctarjeta_visa_debitos_automaticos_tend3	0.000479475303765312	0.00117156542763077	0.00103622681853695
ctarjeta_visa_debitos_automaticos_eficiencia3	0.000475542802587131	0.000556667126023285	0.00104445084090629
mprestamos_prendarios_ratioavg3	0.000472726984427435	0.00288160843009474	0.00124182737777047
mpayroll_sobre_edad_max3	0.000472327326511966	0.00132392063762727	0.000830626259303425
Master_Fvencimiento_tend3	0.000470812038396698	0.000543287603011743	0.0012089312882931
cprestamos_hipotecarios_eficiencia3	0.000468430107101722	0.00186513976038946	0.000542785476376496
active_quarter_eficiencia3	0.000468233160401875	0.0006927652385126	0.00129117151198651
ccajas_otras_eficiencia3	0.000467523396482179	0.00111096044983879	0.00161190838439081
mautoservicio	0.000466503180908085	0.00102325935559004	0.000394753073728361
chomebanking_transacciones_avg3	0.000463063848013831	0.000485542044953374	0.00115136313170772
ctarjeta_debito_transacciones_ratioavg3	0.00046293715338908	0.000507246375956155	0.000674369834285949
Visa_fechaalta	0.000462667291214364	0.00104991054622893	0.00141453184752663
cpayroll_trx_min3	0.000458678459866913	0.000779861859675324	0.00029606480529627
ctransferencias_recibidas_max3	0.000454190799284494	0.00122326071002471	0.00129117151198651
Master_mpagospesos_ratioavg3	0.000452288777841168	0.00211653626233471	0.00130761955672519
matm_other	0.000447570004009128	0.00022792024828328	0.000625025700069904
Master_mpagospesos_tend3	0.000446447371806147	0.0010869280165464	0.0015296681606974
ctrx_quarter_eficiencia3	0.000445526505321068	0.000346180546917511	0.0012089312882931
cmobile_app_trx_min3	0.000441530609187669	0.00215677490614123	0.000962210617212879
Master_msaldototal_tend3	0.000438306384537237	0.000779207125622535	0.0011266910645997
mcaja_ahorro_dolares_ratioavg3	0.0004369563162076	0.00235027971760873	0.000789506147456721
ccheques_depositados_tend3	0.000436792982817941	4.94356852654384e-05	0.000115136313170772
cproductos_max3	0.000434981900026069	0.000717266028892059	0.000805954192195403
Visa_mconsumototal_eficiencia3	0.000434135009960277	0.000179679110585538	0.00132406760146388
ccajas_depositos_eficiencia3	0.000432217877571467	0.00224159681611249	0.00143920391463465
Visa_msaldototal_min3	0.000432061189649407	0.000560523179588932	0.000764834080348699
matm_other_avg3	0.00042848929420321	0.000385509932273727	0.00143097989226531
Visa_mpagado_avg3	0.000424763200451417	0.000668911580438289	0.00138163575804926
ccomisiones_mantenimiento_eficiencia3	0.000421900957234453	0.0027636036396136	0.00104445084090629
ctarjeta_master_transacciones_avg3	0.000421804665489817	0.000253330297113047	0.000707265923763313
Master_Fvencimiento_min3	0.000421486425246204	0.000405302915622334	0.0011266910645997
Visa_Finiciomora_tend3	0.000419318182261997	0.00046570371941589	0.000328960894773634
mtransferencias_emitidas_eficiencia3	0.000417873348981797	0.00269643379255799	0.00115136313170772
chomebanking_transacciones	0.000414098934961114	0.00100806006362533	0.000953986594843538
cpagomiscuentas_tend3	0.000413313465528036	0.00245752687255621	0.00143920391463465
ccaja_ahorro	0.000412600298230499	0.00292594808260563	0.000394753073728361
Master_mpagominimo_eficiencia3	0.000412516174460456	0.00023472899949773	0.00143097989226531
mtarjeta_master_consumo	0.000408788139272368	0.00129152163144777	0.000509889386899132
Visa_Fvencimiento_avg3	0.000403143694885472	0.000372777183838031	0.00137341173567992
Master_delinquency_avg3	0.000400955162565802	0.000680204289573614	0.000518113409268473
cmobile_app_trx_avg3	0.000400446991577251	0.000522744729616334	0.00104445084090629
Master_cconsumos_ratioavg3	0.000400023005531694	0.000578755121701173	0.00114313910933838
cdescubierto_preacordado_max3	0.000397387567087468	0.000643836545098721	0.000723713968501994
Visa_mconsumototal_ratioavg3	0.000397020624359007	0.000253054756119106	0.000912866482996834
Master_mpagospesos	0.00039692593139015	0.000201002907044593	0.000394753073728361
matm_other_eficiencia3	0.000395489742430561	0.000142206250868149	0.00125827542250915
ccheques_emitidos_rechazados_avg3	0.000394001054353597	0.00214892775619888	0.000814178214564744
Master_Finiciomora_avg3	0.000393156868469545	0.00124623748415044	0.000690817879024631
cpagomiscuentas	0.000391234819247284	0.000608214487351345	0.000411201118467042
chomebanking_transacciones_min3	0.00039040479336829	0.000391725031713498	0.000847074304042107
ccomisiones_otras	0.000388676102722658	0.000750015609786337	0.000707265923763313
ctarjeta_master_transacciones_eficiencia3	0.000386791328831956	0.000412626260435984	0.00141453184752663
tcallcenter_avg3	0.000386572852932844	0.000586408471794811	0.000797730169826062
mcomisiones_eficiencia3	0.000386028193505396	0.000400814754382173	0.000740162013240676
Visa_mconsumosdolares_tend3	0.000385983657373807	0.000335220436599604	0.00143097989226531
Master_mpagospesos_max3	0.000383886956539379	0.000275275558799917	0.00123360335540113
Visa_Finiciomora_max3	0.000379439475393889	0.000861732592347312	0.000501665364529792
cliente_antiguedad_max3	0.000378884192953828	0.000624907746308521	0.00097865866195156
mtransferencias_recibidas_avg3	0.000376690440389002	0.000556244737151365	0.000748386035610017
cextraccion_autoservicio_min3	0.000375877197286187	0.000649557799238738	0.000740162013240676
Visa_delinquency_max3	0.000375617792236532	0.000360815073748584	0.000337184917142975
mcaja_ahorro_max3	0.000375008067019723	0.00115210593742284	0.000657921789547268
Master_mlimitecompra_eficiencia3	0.00037414725236508	0.000487697363990693	0.00104445084090629
ccomisiones_mantenimiento_avg3	0.000374101644863607	0.00161936551100023	0.000847074304042107
Master_msaldopesos_eficiencia3	0.000372367062833485	0.000210885089546865	0.00141453184752663
mcomisiones_avg3	0.000371311270895399	0.000278467040757003	0.00106089888564497
cliente_antiguedad_ratioavg3	0.000369354900504514	0.000767561874261271	0.00127472346724783
mcomisiones	0.000369227256625809	0.000375819134947383	0.00105267486327563
mttarjeta_visa_debitos_automaticos_tend3	0.000368798927837318	0.00202201684761271	0.000896418438258152
Master_mconsumospesos_avg3	0.000367704716449505	0.000613803739379367	0.00124182737777047
Master_mconsumosdolares	0.000365443762408073	4.8537069261829e-05	0.000115136313170772
mtransferencias_emitidas	0.000364870997612442	0.000258748375670637	0.000666145811916608
mpagomiscuentas_ratioavg3	0.000364558730163938	0.000720743157695834	0.000707265923763313
ctransferencias_emitidas_max3	0.000358353090105008	0.00122609115368497	0.00097043463958222
Master_mpagominimo_avg3	0.000356903123432978	0.000393283747709409	0.000567457543484518
mextraccion_autoservicio	0.000355344338359714	0.000270640013087827	0.000427649163205724
Visa_mfinanciacion_limite_max3	0.000355279167319147	0.000492817275176066	0.00106912290801431
mrentabilidad_annual_tend3	0.000353510207086973	0.00149271019999948	0.00104445084090629
Master_msaldopesos_max3	0.000353500276294597	0.000544518728400446	0.000814178214564744
mpagomiscuentas_max3	0.000352784554451412	0.000172135225657945	0.000452321230313746
ctarjeta_debito_transacciones_min3	0.000351434317244567	0.000326840538296042	0.00103622681853695
mcuenta_debitos_automaticos_ratioavg3	0.000349458308649858	0.000875555341962545	0.000674369834285949
ccaja_seguridad_ratioavg3	0.000349278728245619	0.001414924288781	0.000304288827665611
Master_cconsumos_tend3	0.00034892884065862	0.000817191627672393	0.00108557095275299
ccomisiones_otras_tend3	0.000346984048973561	0.000267058874489845	0.00126649944487849
Master_msaldototal_eficiencia3	0.000343611797509747	0.00027976479322798	0.00132406760146388
ccomisiones_otras_min3	0.000343522032029779	0.000504001234603948	0.000476993297421769
Master_cconsumos_max3	0.000342464199613476	0.000445496753833932	0.00125827542250915
ccajas_transacciones_avg3	0.000336534874172437	0.000464067644458682	0.000921090505366175
Visa_msaldototal	0.000335925215034681	0.00187681532930897	0.00111024301986101
Master_mconsumospesos_eficiencia3	0.000328844809361961	0.000176623476330431	0.00111846704223035
ctransferencias_recibidas_ratioavg3	0.000327699771760677	0.00024675067151576	0.0011266910645997
ctarjeta_master_transacciones_ratioavg3	0.000322773512539792	0.00044017392070268	0.000518113409268473
matm_avg3	0.000322610559219672	0.000269499750941527	0.000986882684320901
thomebanking_max3	0.00032197393745206	0.00032306765679283	0.000370081006620338
tcallcenter_ratioavg3	0.000319496400883348	0.000412972631831483	0.000476993297421769
Visa_mpagosdolares_avg3	0.000318609849280951	0.00033399753898482	0.00101977877379826
Master_fechaalta_avg3	0.000318545739261459	0.000465372372651024	0.000797730169826062
mprestamos_hipotecarios_max3	0.000317714838333295	0.00273325012957608	0.000657921789547268
ctarjeta_master_debitos_automaticos_ratioavg3	0.00031142126989938	0.00147996493103826	0.00103622681853695
Visa_msaldodolares_max3	0.000310625837707609	0.0009323891374655	0.00101155475142892
Visa_mpagado_min3	0.000310055619408554	0.000628735181530104	0.00102800279616761
matm_ratioavg3	0.000309299781447811	7.78624652888507e-05	0.000534561454007155
cforex_sell_eficiencia3	0.000309193399462505	0.000867163280862755	0.00113491508696904
mttarjeta_master_debitos_automaticos_eficiencia3	0.000309017138879068	0.000944320661699729	0.00128294748961717
mrentabilidad_annual_ratioavg3	0.000307356540704042	0.000988760120685546	0.00103622681853695
Visa_Fvencimiento_min3	0.000305210795260855	0.000597023641634422	0.000814178214564744
Visa_mconsumospesos_max3	0.000303358424329806	0.000577286285192089	0.00097043463958222
ccomisiones_otras_eficiencia3	0.000302234451764604	0.000117918935448942	0.00087174637115013
Master_mconsumototal_avg3	0.000301830926231453	0.000423689843954147	0.0011266910645997
kmes_max3	0.000300688901053058	0.000325257675572327	0.000731937990871335
Master_status_tend3	0.000299984602300296	0.000264661641012859	0.000526337431637814
cplazo_fijo_eficiencia3	0.000299725020401019	0.000574305863522475	0.00103622681853695
Visa_msaldopesos_tend3	0.000299026392258186	0.000617089214710239	0.000822402236934085
active_quarter_min3	0.000298632581955583	0.000317083024455099	0.000699041901393972
ctarjeta_debito_max3	0.000295106060281124	0.000624252207364805	0.00105267486327563
Visa_fultimo_cierre	0.000291830430343946	0.000332222754491226	0.000575681565853859
mprestamos_hipotecarios_ratioavg3	0.000291713942709746	0.00198212538009261	0.000592129610592541
ccomisiones_otras_avg3	0.000291697396269668	0.000326724634002582	0.000592129610592541
Visa_msaldodolares_ratioavg3	0.000291663411552276	0.000191541682497038	0.000962210617212879
mcomisiones_min3	0.000291416553856833	0.000239190062743355	0.000616801677700563
Visa_mconsumosdolares	0.000289510068014591	0.000388712414406812	0.000699041901393972
thomebanking_ratioavg3	0.000289277442765859	0.00116152316126639	0.000649697767177927
ctarjeta_debito_transacciones_max3	0.000288416613546228	0.000129988811490255	0.000649697767177927
Visa_Fvencimiento	0.000288315451192815	0.00028285503779294	0.000715489946132654
ctransferencias_emitidas_min3	0.000286095537302468	0.000450644299607792	0.000937538550104856
tcallcenter	0.000283788724475184	0.000511078819387949	0.000427649163205724
catm_trx_other_ratioavg3	0.000283638714523645	0.000309931747435133	0.000929314527735515
Master_mpagospesos_eficiencia3	0.000283171985526543	0.00024753561903404	0.00101155475142892
ccuenta_debitos_automaticos_max3	0.000283143516493598	0.000695299840041093	0.00106089888564497
Master_mfinanciacion_limite_max3	0.000282521869067211	0.000448229895124369	0.00113491508696904
mextraccion_autoservicio_tend3	0.000282062848168598	0.000293698617791111	0.00107734693038365
Visa_mpagosdolares	0.000281687046094303	0.000290788847658405	0.000666145811916608
ccajas_depositos_avg3	0.000277657093185147	0.000860549402684916	0.000921090505366175
chomebanking_transacciones_eficiencia3	0.000275781344681148	0.000179054694090992	0.000764834080348699
mtransferencias_emitidas_avg3	0.000275763738906467	0.000221705506572809	0.0005839055882232
Master_Fvencimiento_avg3	0.000275541046673189	0.000471430250063095	0.00106089888564497
Master_delinquency_tend3	0.000274793260238029	0.000363853000403302	0.000189152514494839
mcheques_depositados_max3	0.000273652344911749	0.00101146654089219	0.000830626259303425
ctransferencias_emitidas_ratioavg3	0.000273087793543047	0.000238953961404827	0.000608577655331223
mplazo_fijo_dolares_max3	0.000268183092728062	0.00094546816786437	0.000756610057979358
ccajas_extracciones_ratioavg3	0.000266964622518163	0.000944052811885755	0.000929314527735515
mcuenta_debitos_automaticos_max3	0.000266736275849758	0.000257182236791735	0.000625025700069904
Visa_mconsumospesos_tend3	0.00026613551944617	0.000304883829271546	0.000847074304042107
Master_msaldototal_min3	0.000264646168892208	0.000548277300731625	0.000715489946132654
Visa_mconsumospesos_ratioavg3	0.00026378691384119	0.000270137761149504	0.000814178214564744
catm_trx_other_max3	0.000262862456089921	0.000351805571875613	0.000912866482996834
mtarjeta_master_consumo_tend3	0.000262472773964975	0.000469264556876052	0.000855298326411448
Master_fultimo_cierre	0.000262178443069705	0.000260475761031875	0.000888194415888811
Visa_cconsumos	0.000262038235202038	0.000425932806670162	0.000805954192195403
ctarjeta_debito_eficiencia3	0.000261121784514809	0.00264080947982103	0.000460545252683087
Master_fultimo_cierre_min3	0.000260799815864141	0.000482287155477721	0.000715489946132654
Master_mconsumospesos_min3	0.000260714191900294	0.000590141287616333	0.000945762572474197
mforex_sell_ratioavg3	0.000260506303137929	0.00020861771180607	0.000805954192195403
catm_trx_tend3	0.000259160506642729	0.000377676554909461	0.000855298326411448
ccallcenter_transacciones	0.000257746842207718	0.00132267341442003	0.000616801677700563
matm_other_min3	0.000256221505476984	0.000308661629552643	0.00087174637115013
ccaja_ahorro_min3	0.000256161857403359	0.00103484558161667	0.000411201118467042
Master_mpagado	0.000255978787841163	0.000144149973024045	0.000608577655331223
Visa_delinquency_tend3	0.000254759456303845	0.000302965416463682	0.000254944693449566
cforex_buy_eficiencia3	0.00025345131996253	0.000238678241546235	0.000797730169826062
tmobile_app_max3	0.000252480894494628	0.00024167690741019	0.000460545252683087
mpasivos_margen_eficiencia3	0.00025146875053047	0.0017887958559825	0.000855298326411448
Master_Fvencimiento	0.000248733899907832	0.00051890557876015	0.000929314527735515
ccheques_emitidos_rechazados	0.000248702443979056	0.000812586041789245	0.00029606480529627
ccuenta_debitos_automaticos_eficiencia3	0.000246934675086274	0.000347602252591215	0.00087174637115013
ccuenta_debitos_automaticos	0.000246738310985963	0.000248186418064521	0.000213824581602862
cextraccion_autoservicio_ratioavg3	0.00024658670417509	0.000198395954765014	0.000764834080348699
cplazo_fijo_ratioavg3	0.00024589102850872	0.00106555655265801	0.000460545252683087
Master_mconsumototal_min3	0.000243505259492618	0.00054912699725335	0.000921090505366175
cseguro_accidentes_personales_ratioavg3	0.000242787934964105	0.0015486676481478	0.000822402236934085
mautoservicio_eficiencia3	0.000240359317515279	0.00017631681288732	0.000797730169826062
mtransferencias_recibidas_eficiencia3	0.000238453523126697	0.000205828675312384	0.000797730169826062
Master_mlimitecompra_max3	0.000237687511368244	0.000302858365970417	0.000723713968501994
cextraccion_autoservicio_tend3	0.000237645271675378	8.40468894410791e-05	0.000476993297421769
mttarjeta_visa_debitos_automaticos_max3	0.000234151469557424	0.00043222884236424	0.000707265923763313
Visa_mconsumototal_max3	0.000234099498229234	0.00031665875750435	0.000847074304042107
mcaja_ahorro_adicional_max3	0.000232426955077253	0.000450724162674196	0.000805954192195403
Visa_cadelantosefectivo	0.000229692203419878	0.000269236104446838	0.00028784078292693
ctarjeta_visa_debitos_automaticos_avg3	0.000226488143765904	0.000450689552364343	0.000592129610592541
catm_trx_other_tend3	0.000226464350094233	0.000228436630528985	0.000822402236934085
Visa_mlimitecompra_max3	0.000225798211611063	0.000247867770689833	0.000764834080348699
mextraccion_autoservicio_eficiencia3	0.000224480967169243	0.000365744851810582	0.000674369834285949
Master_mconsumototal_eficiencia3	0.000224289573869496	9.61932301204384e-05	0.000863522348780789
mcomisiones_otras_ratioavg3	0.000224222046520439	0.000227787351848033	0.000699041901393972
Visa_mconsumosdolares_avg3	0.000224109386105241	0.000378650741227864	0.000575681565853859
Master_delinquency_ratioavg3	0.000223448283275163	0.000441176278203522	0.000230272626341544
ccomisiones_mantenimiento	0.000223213561358023	0.00224707499319262	0.000501665364529792
Visa_mpagosdolares_min3	0.000223085676543747	0.000359579566175946	0.000690817879024631
active_quarter_ratioavg3	0.000222081309823445	0.000112994165597155	0.000394753073728361
Master_msaldopesos_ratioavg3	0.000221721098496014	0.00019320637579831	0.000830626259303425
ctarjeta_visa_transacciones_eficiencia3	0.000221552792006055	0.000337160760327143	0.000748386035610017
mforex_buy_ratioavg3	0.000219546781528359	0.000851731464852525	0.000674369834285949
ctarjeta_visa_debitos_automaticos	0.000219471926303667	0.000201749040933737	0.000468769275052428
tcuentas_max3	0.000218776368767019	0.00124638987683258	0.000444097207944406
Master_mpagado_eficiencia3	0.00021810905964207	0.000339533757643999	0.000855298326411448
ctarjeta_debito_transacciones_tend3	0.000216688483890092	0.000537465200911924	0.000419425140836383
mttarjeta_master_debitos_automaticos_avg3	0.000215721324199219	0.000168643340520512	0.000773058102718039
mautoservicio_min3	0.000215160237227994	0.00124314616639758	0.000625025700069904
mcuenta_debitos_automaticos_tend3	0.000214839692649901	0.000841945332667518	0.000641473744808586
Visa_mpagosdolares_eficiencia3	0.000214647852281669	0.000198632950426794	0.000731937990871335
mplazo_fijo_dolares	0.000213728046434377	0.00182661598141864	0.000476993297421769
minversion1_pesos	0.000212548437223326	0.00360794844156623	0.000748386035610017
catm_trx_eficiencia3	0.000212041656884535	0.000200394588368583	0.000616801677700563
Master_mpagosdolares	0.00021159236823451	0.000372511748696838	0.000419425140836383
mpagodeservicios_eficiencia3	0.000208394565546234	0.00035643038570868	0.000731937990871335
ccajas_transacciones_ratioavg3	0.000205631543936308	0.000832768145184797	0.000526337431637814
kmes_ratioavg3	0.000205424724550722	0.000325827806645477	0.000559233521115177
mcaja_ahorro_adicional_tend3	0.000205242479060239	0.000485259885967368	0.000674369834285949
mextraccion_autoservicio_avg3	0.000205011014794398	0.000238142810215263	0.000592129610592541
cseguro_vida_avg3	0.000203971439131099	0.00121203918902025	0.000830626259303425
minversion2_ratioavg3	0.000203225739398829	0.00103287511919554	0.000748386035610017
mcheques_emitidos_ratioavg3	0.000202791338083388	0.00161628322591221	0.000699041901393972
ctarjeta_master_transacciones_min3	0.000202203871388473	0.00022075770279034	0.000542785476376496
ccheques_emitidos_eficiencia3	0.000201055234778557	0.00258285661763285	0.000838850281672766
mcomisiones_otras_tend3	0.000198695869403388	0.000377942168915305	0.000559233521115177
ccajas_otras_avg3	0.000198611779592765	0.00043646623536454	0.000674369834285949
ccajas_extracciones_max3	0.000198314250149385	0.000258846125202081	0.000633249722439245
mcaja_ahorro_adicional_ratioavg3	0.000198268888412928	0.000380657602605352	0.000789506147456721
mforex_sell_max3	0.000195296810005225	0.000235266398339856	0.000600353632961882
mcheques_emitidos_rechazados_max3	0.000194526424074127	0.000522734266034286	0.000493441342160451
ccheques_depositados_eficiencia3	0.000193429872092679	0.000822071413064604	0.000723713968501994
ccuenta_debitos_automaticos_avg3	0.000192961403039412	0.000227325433888375	0.000534561454007155
thomebanking_min3	0.000192586166546613	0.000116762486051781	0.00038652905135902
ctransferencias_emitidas_tend3	0.000192482289356022	0.000466429194437912	0.000534561454007155
ctarjeta_debito_tend3	0.000192269585331836	0.00243175185040731	0.000559233521115177
ccajas_consultas	0.000190635111303282	0.00201112819372264	0.000435873185575065
cplazo_fijo_avg3	0.000190598614508681	0.000538986265898925	0.000460545252683087
Visa_mconsumototal_tend3	0.000190560394139349	0.000194774213891391	0.000526337431637814
mcaja_ahorro_dolares_max3	0.000190221365287802	0.000406488162228209	0.000616801677700563
cliente_edad_ratioavg3	0.00019017941911778	0.000100109918802571	0.000690817879024631
ccajas_consultas_avg3	0.00019014478464859	0.000908678481679183	0.000468769275052428
ctarjeta_visa_descuentos_max3	0.000189660061144934	0.000740912114539582	0.000674369834285949
tmobile_app_tend3	0.000188917429182508	0.000544526777309714	0.000394753073728361
cforex_ratioavg3	0.000188813723782122	0.000162296507265721	0.000633249722439245
ccajas_transacciones	0.000185782820682585	0.000431362958591654	0.000427649163205724
Visa_mconsumosdolares_min3	0.000184952259961886	0.000162110845758605	0.000633249722439245
cseguro_vivienda_avg3	0.000183904811462414	0.00046757079806909	0.000699041901393972
cprestamos_prendarios_eficiencia3	0.000183431025115174	0.000282150847664315	0.000411201118467042
mpasivos_margen_min3	0.000183310263346801	0.000285855671168049	0.000600353632961882
Master_Finiciomora_tend3	0.000182999508127381	0.00023391275066563	0.000189152514494839
mtarjeta_visa_descuentos_eficiencia3	0.0001824774196025	0.000736968148998263	0.00078128212508738
mtarjeta_visa_descuentos_avg3	0.000180744701967549	0.000184748850236474	0.000666145811916608
cseguro_vida_eficiencia3	0.000177716775645009	0.000307686638343313	0.000764834080348699
tmobile_app_ratioavg3	0.000177371045212329	0.00181765369981338	0.000526337431637814
mforex_buy_tend3	0.000177197635687041	0.000482586664334815	0.000616801677700563
cpagomiscuentas_avg3	0.000176472562738018	0.000280037919549141	0.000526337431637814
ctarjeta_master_debitos_automaticos_max3	0.000175219877223963	0.000324305757902899	0.0005839055882232
ccajas_consultas_eficiencia3	0.000174611380832227	0.000317582056829715	0.000476993297421769
mttarjeta_master_debitos_automaticos_min3	0.000173698107688861	0.000185928730902837	0.000674369834285949
ccomisiones_mantenimiento_min3	0.000173284528097537	0.000188774199193725	0.000402977096097701
mcheques_emitidos_max3	0.000171815693709568	0.00057922097468314	0.000575681565853859
mpagodeservicios	0.000171441308808643	0.00171003361206982	0.000534561454007155
internet_tend3	0.000170454974080576	0.000202283577941457	0.000378305028989679
Visa_Finiciomora_eficiencia3	0.00016995195687484	0.00104779788641073	0.00048521731979111
catm_trx_other	0.000169683999340658	6.51804249815436e-05	0.000180928492125499
Master_mconsumosdolares_max3	0.000168358515561561	9.24425278338768e-05	0.000518113409268473
mcomisiones_otras_max3	0.000168091682751115	0.00015719349878981	0.000625025700069904
cforex_sell_avg3	0.000167922147666055	0.000147379642583991	0.000575681565853859
Master_mpagominimo_min3	0.000167207777530451	0.000214836746268151	0.000460545252683087
Master_mfinanciacion_limite_tend3	0.000165386623202421	0.000296239032420741	0.000567457543484518
mforex_sell_avg3	0.000165035349411816	0.000228420443278124	0.000452321230313746
cpayroll_trx	0.000164308311185912	0.00125883366942556	0.000337184917142975
mplazo_fijo_dolares_eficiencia3	0.000163696388495644	0.00205381173843548	0.000608577655331223
mforex_sell_tend3	0.000163514307282898	0.000414809929520391	0.000616801677700563
mcheques_depositados_ratioavg3	0.000163140781332999	0.000760772440429065	0.000509889386899132
ccallcenter_transacciones_eficiencia3	0.000162148664151224	0.000257658463923425	0.000649697767177927
Master_cconsumos_eficiencia3	0.000161757379954213	0.000106158763549796	0.000608577655331223
ccheques_emitidos_rechazados_min3	0.000160416714474451	0.000639170860693038	0.000246720671080225
Master_mpagado_avg3	0.000160333052951146	0.000218908242305205	0.000649697767177927
minversion1_pesos_min3	0.000160146610290954	0.00172557972259165	0.000542785476376496
ctarjeta_debito_avg3	0.000158726262519373	0.000231570160339342	0.000600353632961882
mplazo_fijo_dolares_min3	0.000158334052602363	0.000742158085694268	0.000468769275052428
Master_msaldototal_avg3	0.000157822665894348	0.000201666852626878	0.00048521731979111
ctarjeta_visa_debitos_automaticos_min3	0.000157299740879186	0.000579372473042029	0.000559233521115177
mprestamos_hipotecarios_eficiencia3	0.000156997474748265	0.00170281955355756	0.000279616760557589
ccallcenter_transacciones_avg3	0.00015668664363759	0.0010060473891467	0.000509889386899132
ccajas_transacciones_min3	0.000155974204896105	0.000299868553906657	0.000402977096097701
ccajas_otras	0.000154861730929292	0.000551389098486958	0.000534561454007155
mtarjeta_visa_descuentos	0.000154639423365023	0.00373977481904237	0.000699041901393972
cseguro_vivienda_eficiencia3	0.000154179914615957	0.000240949464877014	0.000600353632961882
minversion2_tend3	0.000153570731829979	0.000879401200243119	0.000542785476376496
ctarjeta_master_min3	0.00015277741738752	3.321999492483e-05	9.86882684320901e-05
ccajas_otras_ratioavg3	0.000152038513295545	0.00120722638843961	0.000435873185575065
Master_cconsumos	0.000151486480151079	0.000125392437136603	0.000328960894773634
cforex_max3	0.000150518619730948	0.000321049079780742	0.000460545252683087
cforex_buy_avg3	0.000150242727497721	0.000237217364514094	0.000361856984250997
cextraccion_autoservicio_max3	0.000150120282093347	0.000156787118304102	0.000460545252683087
mprestamos_prendarios_max3	0.000149297903369865	0.000588506733008653	0.000427649163205724
Visa_mlimitecompra_ratioavg3	0.000148515769242471	0.000807954520531789	0.000427649163205724
cforex_tend3	0.000147342168702395	0.000176615874582789	0.000435873185575065
mtarjeta_master_consumo_avg3	0.00014729558182044	9.6028048615794e-05	0.000345408939512315
ccheques_depositados_avg3	0.000145481351534577	0.000608270114257619	0.000402977096097701
Master_mpagospesos_min3	0.000144270201304555	0.000299935002124281	0.000435873185575065
Visa_mpagado_ratioavg3	0.000144081315482547	0.000168450882156682	0.000493441342160451
mcheques_emitidos_rechazados_ratioavg3	0.000144065601469885	0.000238462441345528	0.000370081006620338
minversion2_max3	0.000144058194789998	0.000651151483273802	0.000567457543484518
Visa_mpagado_max3	0.000142783451367599	0.000158515219123941	0.000411201118467042
minversion1_pesos_avg3	0.000140330550633519	0.0024611779472325	0.000551009498745837
mforex_buy_max3	0.000139738703480016	0.000706338919102151	0.000518113409268473
Master_msaldodolares_max3	0.000139382573875596	0.000194436159702135	0.000370081006620338
cliente_edad_eficiencia3	0.000138852081965674	0.00023976251905696	0.000616801677700563
Visa_msaldodolares_tend3	0.000138395731749328	0.000680898642146467	0.000608577655331223
mttarjeta_master_debitos_automaticos	0.000138301469060891	0.000189396916474092	0.000518113409268473
cseguro_vida_min3	0.000138195162736867	0.000190407501748852	0.000452321230313746
mcheques_emitidos_tend3	0.000138138416238903	0.00045343405156008	0.000518113409268473
mtarjeta_master_consumo_min3	0.000136125275816099	0.000152351990432785	0.000312512850034952
ccajas_depositos	0.000135999910054895	0.00196189489380913	0.000476993297421769
Visa_status	0.000134853694452681	0.000446653471528069	0.000320736872404293
ccajas_extracciones_tend3	0.000134812684274808	0.000129980941445638	0.000468769275052428
ctarjeta_visa_descuentos_ratioavg3	0.000133408410424418	0.00215078320864981	0.000567457543484518
cpagomiscuentas_min3	0.000133239737816645	0.000234757796706444	0.000370081006620338
Master_mconsumosdolares_tend3	0.000132750614613284	7.56538445857122e-05	0.00038652905135902
mforex_sell_eficiencia3	0.00013248260548838	0.000320816287438246	0.000419425140836383
Visa_mpagado_tend3	0.000132146426621773	0.00109926779934517	0.000551009498745837
mcajeros_propios_descuentos_avg3	0.000131833822875353	0.000578017573315249	0.000476993297421769
ccheques_emitidos_rechazados_max3	0.000130503582324363	0.000196208350658298	0.000238496648710885
Visa_msaldodolares_min3	0.000129340198280409	0.000353521778196201	0.000493441342160451
Master_msaldopesos_tend3	0.000128746530886646	0.000356223349875842	0.000378305028989679
Master_mpagospesos_avg3	0.000128096319218283	0.000232537370936379	0.000468769275052428
catm_trx_other_avg3	0.000127832575411902	0.000169682007545385	0.000427649163205724
mtransferencias_emitidas_min3	0.000127644685221837	0.000630769051469802	0.000402977096097701
cpagodeservicios_max3	0.00012753516103193	0.000316302816850054	0.000460545252683087
mprestamos_prendarios_eficiencia3	0.000127515628999205	0.000505698034109968	0.000394753073728361
Visa_mlimitecompra_tend3	0.000127494513905558	0.00190699990168418	0.000575681565853859
Visa_cadelantosefectivo_avg3	0.000127393431966213	0.000259828539294402	0.000271392738188248
ccheques_depositados_rechazados_avg3	0.000126825181857037	0.000155011081757955	0.000222048603972203
Visa_cadelantosefectivo_max3	0.000126705495214781	0.000141468523617574	9.86882684320901e-05
Master_Finiciomora_max3	0.000126298392750454	0.000459148866572683	0.000213824581602862
cseguro_accidentes_personales_max3	0.00012608853441837	0.000592720963036726	0.000518113409268473
matm_other_tend3	0.000124455254105601	5.75389693871573e-05	0.000411201118467042
minversion2	0.000124335672254604	0.0023800613079266	0.000435873185575065
mcheques_depositados_tend3	0.000124249236254324	0.000202728593191652	0.000476993297421769
thomebanking_tend3	0.000123992884409526	0.000797784365942373	0.000304288827665611
mcheques_emitidos_rechazados_tend3	0.000123223901546757	0.000549895757520769	0.000370081006620338
ctarjeta_master_transacciones_tend3	0.000122166605658632	0.000279772484407947	0.00028784078292693
cinversion1_ratioavg3	0.000120346675786179	0.000629765084187107	0.000394753073728361
Master_mconsumospesos_tend3	0.00011898357355506	0.000102284465789808	0.000435873185575065
cprestamos_hipotecarios_avg3	0.000118764027282616	0.000493722062010114	0.00019737653686418
Master_mpagado_min3	0.000116748410198523	9.86271308507556e-05	0.00038652905135902
ctarjeta_master_debitos_automaticos_eficiencia3	0.000116723270108662	0.00019609316182344	0.00038652905135902
catm_trx_other_eficiencia3	0.000116667924839239	0.000105305132005763	0.000444097207944406
Master_madelantodolares	0.000115942100950077	2.03691958198706e-05	0.000106912290801431
mextraccion_autoservicio_min3	0.000114749957033357	0.000289248912450787	0.000230272626341544
cseguro_vivienda	0.000114594418825486	0.000289343352986198	0.000444097207944406
cseguro_vida	0.000113517908728015	0.000230078071425705	0.000427649163205724
Visa_msaldodolares_avg3	0.000113502939599522	0.000767199047317935	0.000452321230313746
ctransferencias_recibidas_tend3	0.00011185202139244	0.000627954169034133	0.000509889386899132
Master_mpagosdolares_avg3	0.000109965999128918	0.000285063658496078	0.000394753073728361
cforex_eficiencia3	0.000108805342570685	0.0005198000808768	0.000476993297421769
mpagomiscuentas_tend3	0.000108760443924201	0.000872973609598672	0.000378305028989679
matm_other_max3	0.000108109288597906	7.93915791851198e-05	0.000345408939512315
ccheques_emitidos_rechazados_eficiencia3	0.00010697104334063	0.000210969871391154	0.000337184917142975
cplazo_fijo_tend3	0.000106942492513777	0.000672589663676788	0.000304288827665611
Visa_msaldodolares	0.000106910252298705	5.73346165240754e-05	0.000246720671080225
Master_mfinanciacion_limite_ratioavg3	0.000105562749400128	0.000214560579247933	0.000337184917142975
mcheques_emitidos_rechazados_avg3	0.000105377459520439	0.000255109106061275	0.000246720671080225
ccheques_depositados_rechazados_eficiencia3	0.000104503385590283	0.000245270566533701	0.000419425140836383
ccajas_otras_min3	0.000104176476725526	0.000724625414932765	0.000353632961881656
tcuentas_eficiencia3	0.000104159128827797	8.5744046676399e-05	0.000213824581602862
mtarjeta_master_descuentos_avg3	0.000103261970234274	0.000649413992059817	0.000452321230313746
cpagodeservicios_tend3	0.000103049221978518	0.000199213276785017	0.000411201118467042
Master_msaldodolares_tend3	0.000102351800353329	0.000230463971908943	0.000345408939512315
cplazo_fijo_min3	0.000102270821854201	0.00110919496630701	0.000378305028989679
ccajeros_propios_descuentos_max3	0.000101907701591957	9.14204057891663e-05	0.000312512850034952
mpagodeservicios_avg3	0.000101843333542198	0.000156981633611411	0.000328960894773634
Master_cconsumos_avg3	0.000101488441885134	5.87466635066577e-05	0.000378305028989679
Master_mlimitecompra_ratioavg3	0.000101216278518909	0.000469836387163381	0.000419425140836383
mtarjeta_visa_descuentos_tend3	0.00010092840934241	0.000473769263096375	0.00038652905135902
mcheques_depositados	0.00010046250089076	0.000487964856075366	0.000378305028989679
mtarjeta_master_consumo_eficiencia3	9.92430289929485e-05	1.59864752911208e-05	0.00038652905135902
tcuentas_avg3	9.8325771558678e-05	0.00174779515933295	0.000353632961881656
ccajas_otras_tend3	9.78489195880117e-05	0.000607125380495059	0.000361856984250997
tcallcenter_tend3	9.75807772317931e-05	0.000147172785615804	0.000189152514494839
Master_mconsumototal_max3	9.75636823049156e-05	0.000111820902922857	0.000353632961881656
Master_msaldodolares_eficiencia3	9.6787786898655e-05	6.30265368614276e-05	0.000361856984250997
mcajeros_propios_descuentos_eficiencia3	9.65830992907656e-05	6.68854522614811e-05	0.000394753073728361
tcallcenter_max3	9.62246678049172e-05	9.49088924982416e-05	0.000205600559233521
cpagodeservicios_ratioavg3	9.56978171420937e-05	8.48502600183505e-05	0.000378305028989679
mpagodeservicios_min3	9.5025069143848e-05	0.00131363055428976	0.000419425140836383
cseguro_vivienda_min3	9.47899864749428e-05	8.6169833976676e-05	0.000345408939512315
matm_other_ratioavg3	9.42269764653022e-05	2.86201327104947e-05	0.000246720671080225
minversion1_pesos_eficiencia3	9.37090120552132e-05	0.000649186476224508	0.000411201118467042
cseguro_accidentes_personales_eficiencia3	9.28482086692717e-05	0.00114010555029821	0.000304288827665611
mprestamos_prendarios	9.28017433666408e-05	0.00191392625640627	0.00028784078292693
mforex_buy_eficiencia3	9.24407437667073e-05	9.28684939988043e-05	0.00028784078292693
cforex_buy_ratioavg3	9.2432673996559e-05	0.000301995433464563	0.000238496648710885
ccuenta_debitos_automaticos_min3	9.21365699289381e-05	0.000557700874270271	0.000378305028989679
Master_mconsumospesos_max3	9.17006431992648e-05	6.02422402809768e-05	0.00028784078292693
mprestamos_hipotecarios_tend3	9.07494025807589e-05	0.000115034564096593	0.000246720671080225
catm_trx_other_min3	9.07018221366219e-05	0.000250772622044653	0.000312512850034952
cseguro_accidentes_personales_tend3	9.03221724523397e-05	0.00110490409277624	0.000312512850034952
Master_msaldodolares_ratioavg3	8.99354460234862e-05	0.000190489690055711	0.000361856984250997
ccheques_emitidos_avg3	8.98684939914702e-05	0.000211654118111259	0.000279616760557589
Master_cconsumos_min3	8.93267935564012e-05	7.58186683610558e-05	0.000271392738188248
mcaja_ahorro_adicional	8.92993843180061e-05	0.000110512060843555	0.00029606480529627
Master_mlimitecompra_tend3	8.82153583798925e-05	0.000114117882763293	0.000328960894773634
cpagodeservicios_eficiencia3	8.77485055037319e-05	7.81941697830174e-05	0.000246720671080225
mcaja_ahorro_adicional_eficiencia3	8.71606947684597e-05	0.00120100681738358	0.00038652905135902
mcheques_depositados_rechazados_tend3	8.63966633884818e-05	0.000187435218420831	0.000312512850034952
ctarjeta_master_debitos_automaticos_tend3	8.63332018942632e-05	0.000413727798385472	0.000337184917142975
Visa_cadelantosefectivo_min3	8.62093777220936e-05	9.43526234354978e-05	9.04642460627493e-05
catm_trx_avg3	8.59210022972613e-05	0.000173255723260375	0.00029606480529627
ctarjeta_debito	8.57751663647639e-05	0.000142192478290068	0.000263168715818907
matm_tend3	8.56393616464044e-05	0.000113626362703994	0.000246720671080225
mttarjeta_master_debitos_automaticos_ratioavg3	8.54763926880862e-05	0.000211862674293626	0.000304288827665611
ccajas_depositos_ratioavg3	8.53359303930697e-05	0.000475023014863353	0.00029606480529627
minversion1_dolares_max3	8.52234350988461e-05	0.000550743397099014	0.000353632961881656
Visa_mpagosdolares_tend3	8.42097986066671e-05	0.000106145706430317	0.000370081006620338
Visa_mfinanciacion_limite_tend3	8.40918156847638e-05	0.000103616381409012	0.000230272626341544
mttarjeta_master_debitos_automaticos_max3	8.39836064066773e-05	0.000188310939749189	0.000254944693449566
ctarjeta_master_descuentos_max3	8.30495524744757e-05	9.17624844330562e-05	0.00028784078292693
mttarjeta_master_debitos_automaticos_tend3	8.29914539622993e-05	0.000366709826599489	0.000312512850034952
mprestamos_prendarios_tend3	8.10855644413455e-05	0.000139534907314426	0.000263168715818907
ctarjeta_master_debitos_automaticos_avg3	8.07893716806111e-05	0.000124338208887146	0.000279616760557589
Master_mconsumosdolares_ratioavg3	8.04538082997502e-05	0.000134192667368605	0.000328960894773634
ccajas_extracciones_eficiencia3	8.01182996525825e-05	0.00119515964252968	0.000370081006620338
mcheques_emitidos_eficiencia3	7.97902735765574e-05	0.000807300233640626	0.00028784078292693
Master_Finiciomora_ratioavg3	7.97262389117166e-05	0.000254848410833317	0.00019737653686418
Master_mpagosdolares_eficiencia3	7.95802751139527e-05	0.00010848149989989	0.000304288827665611
Master_delinquency_max3	7.92014130889112e-05	0.000147255778813589	0.000106912290801431
Master_mconsumospesos_ratioavg3	7.7636186074597e-05	7.54604024663047e-05	0.000254944693449566
cinversion2	7.76141703280619e-05	0.00124433373824391	0.000328960894773634
Visa_madelantodolares	7.69136181502621e-05	7.5152397538316e-05	0.000123360335540113
mcheques_emitidos_rechazados	7.67188853286505e-05	0.000736998555988831	0.00019737653686418
cforex_sell	7.645215209673e-05	0.000120823339642136	0.000213824581602862
Master_mconsumototal_ratioavg3	7.5849800903571e-05	4.15512420434837e-05	0.000238496648710885
ccajas_otras_max3	7.50466557072093e-05	7.0298636952738e-05	0.000230272626341544
cinversion2_eficiencia3	7.48073797781456e-05	8.4991831389142e-05	0.000254944693449566
cinversion2_min3	7.33644121196428e-05	0.00132758628977256	0.000345408939512315
mforex_buy_avg3	7.32379780548687e-05	0.000869997659545318	0.000370081006620338
ccheques_emitidos_ratioavg3	7.31627138606344e-05	0.00172854690827714	0.000254944693449566
ctarjeta_visa_descuentos_tend3	7.31433076234145e-05	0.000323352051586966	0.000345408939512315
mforex_sell	7.31412451444002e-05	0.000117774412811419	0.000172704469756158
ccheques_emitidos	7.20059877028485e-05	0.00121747864190356	0.000271392738188248
ccajas_depositos_max3	7.18247089443051e-05	0.00011740139058301	0.000213824581602862
mcaja_ahorro_adicional_min3	7.16179953465301e-05	0.00015425287450491	0.000230272626341544
ccheques_depositados_max3	7.12355271836781e-05	0.000331046898279497	0.000172704469756158
ctarjeta_master_transacciones_max3	7.09907651600914e-05	0.000103191130702686	0.000205600559233521
mcaja_ahorro_adicional_avg3	7.0642518740653e-05	0.000170072826806508	0.000254944693449566
ctarjeta_master_max3	7.05450828011921e-05	4.3647982907797e-05	0.000164480447386817
minversion1_dolares_ratioavg3	6.99414870681038e-05	0.000153593042809585	0.000246720671080225
ctarjeta_master_eficiencia3	6.90916736558256e-05	9.88748583915595e-05	0.000230272626341544
Master_cadelantosefectivo_eficiencia3	6.90044488464382e-05	0.000153804997420308	0.000271392738188248
mtarjeta_master_descuentos_eficiencia3	6.88781296917568e-05	5.45922637041435e-05	0.000254944693449566
ctarjeta_debito_min3	6.78963657636794e-05	7.01742365883848e-05	0.000246720671080225
ccajas_transacciones_tend3	6.77056788658699e-05	0.000236507540148982	0.000189152514494839
Master_msaldodolares_min3	6.72139862452404e-05	0.000122488390672709	0.000222048603972203
mcheques_emitidos_rechazados_min3	6.68388441182346e-05	0.000260885361081291	0.000115136313170772
mcajeros_propios_descuentos_max3	6.61980705623513e-05	2.93520468599313e-05	0.000180928492125499
mtarjeta_visa_descuentos_max3	6.57012891647506e-05	0.000153635970325681	0.000263168715818907
mplazo_fijo_pesos_eficiencia3	6.55786003717551e-05	0.000335168744715638	0.000312512850034952
mplazo_fijo_dolares_avg3	6.51542584805344e-05	0.000254508746862207	0.000213824581602862
minversion1_pesos_max3	6.49372012879493e-05	0.00102012967136966	0.000263168715818907
mcheques_depositados_rechazados_max3	6.46199241733586e-05	0.000147389211842788	0.000230272626341544
Visa_madelantopesos	6.3628742983733e-05	0.000271733949289673	0.000172704469756158
mcheques_depositados_rechazados_ratioavg3	6.34466324110366e-05	8.09570026054201e-05	0.000213824581602862
minversion1_pesos_tend3	6.27320071581619e-05	0.00124651848051622	0.000263168715818907
ccheques_depositados	6.21596853681522e-05	0.000605509517243346	0.00019737653686418
cprestamos_prendarios_avg3	6.08173122584881e-05	0.000532725466540976	0.000205600559233521
Master_mconsumosdolares_eficiencia3	6.05672447462344e-05	6.20621880987963e-05	0.000205600559233521
ccajeros_propios_descuentos_tend3	6.05079541280869e-05	4.0741432338798e-05	0.000246720671080225
Master_mconsumosdolares_avg3	5.9807363774686e-05	8.15321418887811e-05	0.000180928492125499
cforex_sell_max3	5.96823773164426e-05	0.000151784095167765	0.000164480447386817
Master_mpagosdolares_max3	5.92406472821306e-05	0.000138883482257669	0.00019737653686418
Master_Finiciomora_eficiencia3	5.91832494225538e-05	0.000299922660463403	0.000213824581602862
mcheques_emitidos_avg3	5.90984244633066e-05	5.56218980641708e-05	0.000172704469756158
ccajeros_propios_descuentos_ratioavg3	5.87538945689593e-05	8.63923416017736e-05	0.000230272626341544
minversion2_eficiencia3	5.87426731652961e-05	0.00017019892638504	0.000271392738188248
ccajas_transacciones_max3	5.80000354535333e-05	7.24984038556817e-05	0.000164480447386817
tcuentas	5.79473113454163e-05	0.000112653339005818	0.000115136313170772
Master_madelantopesos_max3	5.7919258871139e-05	6.00328792076837e-05	0.000139808380278794
cinversion1_max3	5.7097963859451e-05	0.000270443083107737	0.000180928492125499
cseguro_vida_max3	5.67205049793967e-05	0.000239672907867109	0.000213824581602862
mcheques_depositados_eficiencia3	5.66749456190439e-05	0.000203463548040145	0.000189152514494839
cprestamos_hipotecarios	5.65865596734502e-05	0.000520311991506244	0.000123360335540113
ccaja_seguridad_tend3	5.62710252980497e-05	0.00103516163545393	0.000164480447386817
ccheques_depositados_rechazados	5.59486283600652e-05	9.65366502492063e-05	0.000131584357909454
Master_mpagado_ratioavg3	5.51346962566415e-05	2.5842543554434e-05	0.00019737653686418
minversion1_pesos_ratioavg3	5.49329922482955e-05	0.000136720203743407	0.00019737653686418
cforex_sell_ratioavg3	5.39522668038906e-05	2.96571005211884e-05	0.000172704469756158
Visa_mpagosdolares_ratioavg3	5.39001754295325e-05	8.49083015974053e-05	0.000222048603972203
ccajas_depositos_min3	5.38479676119251e-05	0.000590423893763965	0.000205600559233521
Visa_madelantopesos_ratioavg3	5.35350841410701e-05	0.000178091329083938	0.00019737653686418
Master_msaldodolares_avg3	5.31210961168091e-05	0.000189614594753629	0.000180928492125499
cinversion2_ratioavg3	5.28552508892336e-05	0.000336165915141618	0.000148032402648135
mprestamos_prendarios_min3	5.24950302862056e-05	0.000408701880573884	0.000205600559233521
minversion2_avg3	5.11654962904682e-05	0.000104828547144772	0.000180928492125499
mpagodeservicios_tend3	5.1052635338378e-05	0.000151952138506815	0.00019737653686418
cinversion1_avg3	5.08043318761923e-05	0.000624325094709843	0.000180928492125499
tcuentas_ratioavg3	5.0618799221144e-05	0.000420566151699562	0.00019737653686418
cseguro_vida_ratioavg3	5.02703910536767e-05	6.78864682774444e-05	0.000156256425017476
ccheques_depositados_ratioavg3	5.00232551669554e-05	0.00024814116530797	0.000148032402648135
ccaja_seguridad_max3	4.99241613485261e-05	0.000264335839052156	9.86882684320901e-05
Master_madelantopesos_tend3	4.9628787753402e-05	7.98285455260469e-05	0.000172704469756158
active_quarter_tend3	4.89722978084639e-05	9.77601738902671e-05	0.000131584357909454
Master_cadelantosefectivo	4.87651255668702e-05	5.81657111221587e-05	0.000131584357909454
minversion1_dolares_tend3	4.8640663831498e-05	7.52014958848508e-05	0.000213824581602862
cseguro_vivienda_ratioavg3	4.86366969419223e-05	5.62032081779706e-05	0.000164480447386817
Master_msaldodolares	4.85225488281473e-05	0.00011810826368139	0.000222048603972203
ccajas_extracciones_avg3	4.83966899270991e-05	8.63485197624256e-05	0.000180928492125499
Master_mconsumototal_tend3	4.82297767699239e-05	2.83539821106996e-05	0.000205600559233521
cforex_avg3	4.81507840919765e-05	0.000141196917645942	0.000156256425017476
Master_mpagado_max3	4.76351888688943e-05	2.94142023259453e-05	0.000172704469756158
cinversion2_avg3	4.74816144814056e-05	0.000587624125391255	0.00019737653686418
active_quarter_max3	4.72510842912673e-05	2.89696342373762e-05	0.000123360335540113
ccallcenter_transacciones_min3	4.68654308421114e-05	0.00149337146261201	0.000246720671080225
Master_mpagosdolares_tend3	4.66736051921831e-05	0.000128413908243484	0.000172704469756158
cliente_edad_tend3	4.63803333248843e-05	3.77112862963726e-05	0.000205600559233521
ctarjeta_master_descuentos_avg3	4.61733308037343e-05	0.000162125423227613	0.000172704469756158
Visa_madelantopesos_max3	4.58132723320245e-05	0.00014077998414586	0.000131584357909454
catm_trx_min3	4.56851320938468e-05	0.000378132570335656	0.00019737653686418
ctarjeta_master_descuentos_tend3	4.55525512973393e-05	0.000115239811282927	0.000189152514494839
Visa_cadelantosefectivo_ratioavg3	4.5423964833912e-05	0.000192397639281527	0.000139808380278794
mcheques_depositados_avg3	4.42828579397058e-05	0.000108026021067647	9.04642460627493e-05
mprestamos_prendarios_avg3	4.40431500437495e-05	0.000304184110759182	0.000156256425017476
ccajas_consultas_min3	4.37369179431468e-05	9.34603571269777e-05	0.000115136313170772
mcajeros_propios_descuentos	4.34079002213856e-05	0.00106460016337232	0.000205600559233521
ctarjeta_master_descuentos_ratioavg3	4.32236606306753e-05	0.000127001414099276	0.000189152514494839
mpagodeservicios_ratioavg3	4.31078157724103e-05	1.73119517829096e-05	0.000156256425017476
ctarjeta_visa_descuentos_avg3	4.28344590736889e-05	0.000121209597854675	0.000156256425017476
mprestamos_hipotecarios_avg3	4.26975866650224e-05	0.000401028944801027	0.000115136313170772
ccheques_emitidos_rechazados_ratioavg3	4.15430434923653e-05	6.99377775205561e-05	0.000123360335540113
minversion2_min3	4.12828254863846e-05	0.000969786069138795	0.000172704469756158
cseguro_vivienda_max3	4.11970331052768e-05	7.89386938903072e-05	0.000148032402648135
Visa_cadelantosefectivo_tend3	4.11808314721348e-05	2.956391203833e-05	9.04642460627493e-05
Master_mpagado_tend3	4.03171390824165e-05	2.0472669020127e-05	0.000180928492125499
cseguro_accidentes_personales_min3	4.02578997483597e-05	0.000164613341082351	0.000115136313170772
Visa_madelantopesos_eficiencia3	4.01486587324901e-05	0.000114635964223176	0.000172704469756158
cpayroll2_trx_eficiencia3	3.97523282269478e-05	0.00035259543817178	0.000180928492125499
mtarjeta_visa_descuentos_ratioavg3	3.93308547185465e-05	0.000343229011888936	0.000156256425017476
cseguro_accidentes_personales_avg3	3.89647000326157e-05	0.000356768082168635	0.000189152514494839
mprestamos_hipotecarios	3.87001061675167e-05	0.00116446763114128	0.00019737653686418
ccheques_emitidos_rechazados_tend3	3.84153365738637e-05	9.27531262992963e-05	8.22402236934084e-05
mtarjeta_visa_descuentos_min3	3.83016335354709e-05	3.56742862252928e-05	0.000139808380278794
cprestamos_prendarios_max3	3.82285566958619e-05	0.000994280062661538	0.000180928492125499
tcuentas_tend3	3.81348539162419e-05	0.000216589172680444	0.000131584357909454
ctarjeta_master_avg3	3.78352961832416e-05	9.07532406431745e-05	0.000131584357909454
cseguro_auto_ratioavg3	3.72354568373178e-05	3.40163003484106e-05	0.000148032402648135
Master_madelantopesos_eficiencia3	3.70371447081374e-05	0.000140481369612017	0.000156256425017476
Visa_cadelantosefectivo_eficiencia3	3.67615974351616e-05	0.000118633589159615	0.000156256425017476
Master_mpagosdolares_min3	3.60448962114938e-05	0.000123998366051386	0.000139808380278794
ctarjeta_visa_descuentos_eficiencia3	3.60295165803021e-05	2.31338172887773e-05	0.000148032402648135
mcheques_emitidos_min3	3.57876544459045e-05	6.7328142271221e-05	0.000123360335540113
cforex_sell_min3	3.52217279123249e-05	3.13710710336458e-05	0.000131584357909454
cinversion2_tend3	3.5110948833681e-05	0.00114285550486578	0.000172704469756158
ccheques_emitidos_min3	3.49251965539393e-05	0.000226314043722689	0.000156256425017476
minversion1_dolares_eficiencia3	3.4854187559393e-05	5.295609931461e-05	9.86882684320901e-05
cinversion2_max3	3.35218012789812e-05	0.000182207362418941	0.000131584357909454
cplazo_fijo_max3	3.33910271542971e-05	0.0001359344513342	0.000106912290801431
ctarjeta_visa_max3	3.30111656644205e-05	8.13055203767244e-05	9.86882684320901e-05
ccajas_depositos_tend3	3.27249624159626e-05	3.28522492036077e-05	0.000115136313170772
cprestamos_hipotecarios_max3	3.17155557497288e-05	0.000204027866012157	7.40162013240676e-05
ccheques_depositados_min3	3.15222401781456e-05	9.6781605387929e-05	0.000115136313170772
Master_madelantopesos	3.08662590879072e-05	3.74486235572602e-05	5.75681565853859e-05
ccheques_emitidos_max3	3.08355479666433e-05	7.66279414717903e-05	0.000131584357909454
Master_cadelantosefectivo_avg3	3.07143090032557e-05	5.47681770878118e-05	9.86882684320901e-05
ccajeros_propios_descuentos_avg3	3.05539961622156e-05	7.05351854528919e-05	0.000139808380278794
cinversion1_eficiencia3	2.98267991012801e-05	0.000717954300066798	0.000164480447386817
cprestamos_prendarios	2.97242201111017e-05	0.00086587536594755	0.000156256425017476
ctarjeta_master_debitos_automaticos_min3	2.92850515216434e-05	0.000155352713240219	0.000148032402648135
mcheques_depositados_rechazados_eficiencia3	2.91552371530366e-05	5.05162066185044e-05	0.000106912290801431
mpagodeservicios_max3	2.88399121301798e-05	1.30808190453738e-05	9.04642460627493e-05
mcajeros_propios_descuentos_ratioavg3	2.82724256863433e-05	2.81853127453725e-05	0.000106912290801431
mcheques_depositados_rechazados	2.80900768610999e-05	0.000166333482425247	0.000106912290801431
cforex_sell_tend3	2.80681357026369e-05	9.04679515257866e-05	0.000115136313170772
cforex_buy_max3	2.73080195448549e-05	6.62332223137977e-05	0.000106912290801431
ctarjeta_master_descuentos_eficiencia3	2.72818006493007e-05	2.44198541251529e-05	0.000131584357909454
cforex	2.71307611063973e-05	9.40497161500455e-06	7.40162013240676e-05
tcuentas_min3	2.63837581142973e-05	0.000263428816409978	9.86882684320901e-05
cpagodeservicios	2.61008014784101e-05	0.000154567586857289	8.22402236934084e-05
cprestamos_prendarios_ratioavg3	2.52139582696137e-05	3.20658707681244e-05	5.75681565853859e-05
ccajeros_propios_descuentos_eficiencia3	2.51989853848874e-05	3.77459860385502e-05	0.000106912290801431
cforex_buy	2.43448202607085e-05	5.77077281848097e-05	8.22402236934084e-05
mtarjeta_master_descuentos_tend3	2.41171704886697e-05	4.04629400781253e-05	9.04642460627493e-05
mtarjeta_master_descuentos	2.28344983465366e-05	0.000421729040224138	0.000106912290801431
mcheques_emitidos_rechazados_eficiencia3	2.25719335376365e-05	3.12650042959587e-05	9.04642460627493e-05
Visa_madelantodolares_tend3	2.23354969380733e-05	4.57446343397852e-07	4.11201118467042e-05
Master_madelantopesos_ratioavg3	2.21046187213703e-05	0.000160782596864735	0.000106912290801431
minversion1_dolares_avg3	2.20559450598677e-05	3.42114416819969e-05	9.04642460627493e-05
ccheques_emitidos_tend3	2.19979913543391e-05	2.16244679363774e-05	7.40162013240676e-05
mcheques_emitidos	2.18565392533746e-05	0.000128048219465741	6.57921789547268e-05
cinversion1	2.16071165101598e-05	5.18640411915932e-05	7.40162013240676e-05
cpagodeservicios_avg3	2.10865501032232e-05	9.12782083920984e-06	6.57921789547268e-05
mcajeros_propios_descuentos_tend3	2.09403392372614e-05	1.29215400741926e-05	9.86882684320901e-05
minversion1_dolares_min3	2.0893620273859e-05	0.000248902592124722	9.86882684320901e-05
minversion1_dolares	2.05962909074251e-05	8.9321876278349e-05	9.86882684320901e-05
cforex_buy_tend3	2.01218470659452e-05	3.34645923342519e-05	8.22402236934084e-05
kmes_tend3	1.9979185610997e-05	5.549409927146e-05	7.40162013240676e-05
mplazo_fijo_pesos_min3	1.98513195778903e-05	6.05768066095499e-05	9.04642460627493e-05
cprestamos_prendarios_min3	1.93877945716041e-05	0.000102998493474205	6.57921789547268e-05
mforex_sell_min3	1.87701263767036e-05	2.52916404312022e-05	7.40162013240676e-05
mprestamos_hipotecarios_min3	1.87220333982908e-05	0.000338086116595987	6.57921789547268e-05
mplazo_fijo_pesos_avg3	1.84060655228411e-05	2.86260352439579e-05	8.22402236934084e-05
cinversion1_min3	1.82042358723057e-05	0.000265489873776536	8.22402236934084e-05
mtarjeta_master_descuentos_max3	1.76202062080205e-05	2.07301446843777e-05	7.40162013240676e-05
mpayroll2_ratioavg3	1.76200033713926e-05	0.000538533022874812	8.22402236934084e-05
ccheques_depositados_rechazados_ratioavg3	1.69858722167952e-05	1.65294189374098e-05	4.93441342160451e-05
cseguro_auto_tend3	1.69479303453722e-05	7.31672682158523e-05	9.04642460627493e-05
mplazo_fijo_pesos_ratioavg3	1.66546916709154e-05	4.80425085034732e-05	7.40162013240676e-05
mcheques_depositados_min3	1.64976653811774e-05	7.04977133086331e-06	4.11201118467042e-05
cseguro_vivienda_tend3	1.60835284107456e-05	9.77489054172919e-05	6.57921789547268e-05
Visa_madelantopesos_avg3	1.60285363039622e-05	3.82581649649704e-05	5.75681565853859e-05
cprestamos_hipotecarios_ratioavg3	1.60091120521515e-05	4.6177486793753e-06	4.11201118467042e-05
cseguro_auto_max3	1.58065130635976e-05	2.90386759924306e-05	8.22402236934084e-05
tcallcenter_min3	1.57047196628985e-05	5.72456313605014e-06	5.75681565853859e-05
ctarjeta_master_debitos_automaticos	1.54282599317288e-05	3.24544542211183e-05	6.57921789547268e-05
cinversion1_tend3	1.53029265967881e-05	5.83705111468667e-05	6.57921789547268e-05
ctarjeta_master_descuentos	1.47688944747926e-05	0.000405776906945894	7.40162013240676e-05
cseguro_vida_tend3	1.45591469132774e-05	4.8803577590925e-05	6.57921789547268e-05
Master_mpagosdolares_ratioavg3	1.43895887542099e-05	1.29090195486646e-05	5.75681565853859e-05
Master_cadelantosefectivo_min3	1.41906698782762e-05	4.87316740014642e-06	4.93441342160451e-05
cprestamos_prendarios_tend3	1.37844971201558e-05	2.78467219621654e-05	6.57921789547268e-05
ccajas_extracciones	1.34548053460633e-05	2.26937208164682e-05	4.11201118467042e-05
Visa_madelantodolares_avg3	1.32738035522729e-05	5.88835843965389e-05	4.93441342160451e-05
mcheques_depositados_rechazados_avg3	1.31879246244709e-05	3.5160497517019e-05	6.57921789547268e-05
mpayroll2_max3	1.31455319225684e-05	0.000662471558700639	8.22402236934084e-05
Master_cadelantosefectivo_max3	1.30194475708314e-05	2.40508563513778e-05	4.93441342160451e-05
Master_madelantodolares_avg3	1.27452440330217e-05	1.84587424889488e-05	2.46720671080225e-05
cseguro_accidentes_personales	1.2106769292254e-05	3.79497128753557e-05	4.93441342160451e-05
mforex_buy	1.20765464047326e-05	5.5575929849018e-06	4.93441342160451e-05
cforex_min3	1.20528035572053e-05	6.50605856657757e-05	4.93441342160451e-05
ccheques_depositados_rechazados_max3	1.20138035777045e-05	3.99689159137206e-05	4.11201118467042e-05
cseguro_auto_avg3	1.18331176141887e-05	2.82475576437116e-05	4.93441342160451e-05
mpayroll2_eficiencia3	1.10532974801609e-05	8.88089818933272e-06	4.11201118467042e-05
ctarjeta_visa_descuentos	1.09683757787277e-05	8.33390325871214e-05	3.28960894773634e-05
mpayroll2_tend3	1.08989273843589e-05	9.47564103837756e-05	4.11201118467042e-05
Master_cadelantosefectivo_ratioavg3	1.07925950733293e-05	9.7320077417958e-05	4.93441342160451e-05
Master_madelantopesos_avg3	1.05119231475162e-05	1.85104343729144e-05	4.11201118467042e-05
Master_madelantodolares_min3	9.99911811626327e-06	1.10431929480176e-05	2.46720671080225e-05
mtarjeta_master_descuentos_ratioavg3	9.95696182711975e-06	9.46766367496973e-06	4.93441342160451e-05
cliente_vip_ratioavg3	9.78599408380713e-06	1.30255498684002e-05	4.11201118467042e-05
Master_delinquency_min3	9.63500781809807e-06	2.80683352640109e-06	4.11201118467042e-05
Master_mconsumosdolares_min3	9.60029247489346e-06	3.53532241778249e-05	5.75681565853859e-05
Master_madelantopesos_min3	9.00810059111246e-06	1.07057647850381e-05	4.11201118467042e-05
ccajas_extracciones_min3	8.91976539300462e-06	6.66717984365784e-07	3.28960894773634e-05
cpayroll2_trx_ratioavg3	8.89829721337525e-06	0.000527737289170622	5.75681565853859e-05
cpayroll2_trx_avg3	8.73961235474838e-06	0.000729813384117615	7.40162013240676e-05
mplazo_fijo_pesos	8.21694268683e-06	2.53876013161418e-05	4.11201118467042e-05
cpagodeservicios_min3	7.82092992800813e-06	0.000183876616768799	3.28960894773634e-05
cseguro_auto_eficiencia3	7.78586954789426e-06	6.26097822259957e-06	4.11201118467042e-05
Visa_madelantodolares_min3	7.28465702087721e-06	2.54363419333757e-06	2.46720671080225e-05
Master_cadelantosefectivo_tend3	7.24657938843087e-06	7.15878933528208e-06	2.46720671080225e-05
mplazo_fijo_pesos_tend3	7.11560557009017e-06	3.00582044997102e-05	4.11201118467042e-05
cprestamos_hipotecarios_min3	7.04586740911017e-06	6.59786979162786e-06	1.64480447386817e-05
mplazo_fijo_pesos_max3	7.01702229283298e-06	7.01623420891332e-06	3.28960894773634e-05
mforex_buy_min3	7.01161998532216e-06	0.000177540694257682	4.11201118467042e-05
mtarjeta_master_descuentos_min3	6.70341064921611e-06	9.61969862780968e-06	3.28960894773634e-05
Visa_madelantodolares_eficiencia3	6.3174206721705e-06	1.07005777101765e-05	2.46720671080225e-05
ccajeros_propios_descuentos	6.30706557868537e-06	2.03431710132374e-06	2.46720671080225e-05
Master_madelantodolares_max3	6.09930721129556e-06	4.40901363235857e-08	1.64480447386817e-05
mcajeros_propios_descuentos_min3	5.67656332927508e-06	5.82946725350971e-06	2.46720671080225e-05
cprestamos_hipotecarios_tend3	5.56162487323515e-06	1.62969843242151e-05	1.64480447386817e-05
cforex_buy_min3	5.53131306262673e-06	9.64279005417631e-05	3.28960894773634e-05
cseguro_auto_min3	5.24531119429777e-06	2.50544659047719e-06	2.46720671080225e-05
ccuenta_corriente_eficiencia3	4.8985344588462e-06	2.09568556287596e-05	2.46720671080225e-05
ccuenta_corriente	4.72977714416687e-06	2.34506760169608e-05	2.46720671080225e-05
cliente_vip_max3	4.47011222445591e-06	7.61802432518393e-06	2.46720671080225e-05
ccuenta_corriente_avg3	4.40258694515989e-06	4.71934380080247e-07	1.64480447386817e-05
ccheques_depositados_rechazados_tend3	4.28354238891832e-06	1.49530847734351e-06	2.46720671080225e-05
cliente_vip_eficiencia3	3.67779571367566e-06	1.01773986077567e-06	8.22402236934084e-06
cseguro_auto	3.58702348637824e-06	5.29010090022868e-06	1.64480447386817e-05
Master_status_min3	3.49126390042356e-06	1.8387286061114e-07	8.22402236934084e-06
cliente_vip	3.29642329789779e-06	9.53885180582891e-07	1.64480447386817e-05
Visa_madelantodolares_max3	2.28554257818074e-06	6.22180686416198e-06	8.22402236934084e-06
ccuenta_corriente_min3	2.22643693538584e-06	8.0146566874458e-06	8.22402236934084e-06
ccajeros_propios_descuentos_min3	2.19908457710332e-06	8.52899987613587e-05	1.64480447386817e-05
cliente_vip_avg3	2.09116958844024e-06	1.04439069368526e-06	8.22402236934084e-06
Visa_status_min3	1.89994493592775e-06	1.76673558432543e-06	8.22402236934084e-06
Master_madelantodolares_tend3	1.86142529441258e-06	1.30571194791958e-08	8.22402236934084e-06
cpayroll2_trx_max3	1.79378533499742e-06	7.90849157420091e-05	8.22402236934084e-06
ccuenta_corriente_max3	1.68102948079717e-06	4.70888021875407e-06	8.22402236934084e-06
cliente_antiguedad_tend3	1.22815654044369e-06	1.09787122415484e-06	8.22402236934084e-06
mpayroll2_avg3	1.03935580863121e-06	8.21840141071637e-05	8.22402236934084e-06
