Feature	Gain	Cover	Frequency
ctrx_quarter_normalizado	0.329191228707018	0.0217273158981429	0.0187927107061503
mcuentas_saldo_min3	0.148088481532952	0.0110097233614987	0.0130979498861048
cpayroll_trx	0.0457099551492164	0.0109774821612157	0.00341685649202734
ctarjeta_visa	0.0408614685279618	0.00185787364518246	0.000569476082004556
cproductos_ratioavg3	0.0333996203758224	0.0130622458887224	0.005125284738041
mcaja_ahorro	0.0309733460815908	0.0110022954991815	0.00797266514806378
foto_mes	0.0206942009725859	0.0352311851464858	0.035876993166287
Visa_status	0.0199071376292297	0.00202682445696624	0.000569476082004556
cdescubierto_preacordado	0.0142243875559861	0.0143762094545639	0.00683371298405467
Visa_mpagospesos	0.0128497664064736	0.0025215356430222	0.00341685649202734
cdescubierto_preacordado_tend3	0.0124199113868673	0.00202682445696624	0.000569476082004556
ctrx_quarter	0.0120074433002761	0.00494398904723979	0.00341685649202734
mcuenta_corriente	0.0111418605664921	0.0143103523161293	0.0136674259681093
mcuentas_saldo	0.0100547172993386	0.0113102873378897	0.0136674259681093
Visa_Finiciomora	0.00966262217455464	0.00993446056795912	0.00341685649202734
mactivos_margen_min3	0.00854408456412105	0.00522714226991673	0.00683371298405467
Visa_msaldototal	0.00828041437589818	0.00486990098179248	0.00398633257403189
mcuentas_saldo_avg3	0.00635848491036059	0.000741942333223116	0.00227790432801822
cproductos	0.00554953067001297	0.00793774617590946	0.00455580865603645
mtarjeta_visa_consumo	0.00552474509081017	0.00147690014250821	0.00227790432801822
mrentabilidad_annual_max3	0.00527083316890691	0.00444306334600958	0.00569476082004556
Visa_msaldopesos	0.00526879679951498	0.00581090419171596	0.00854214123006834
ctrx_quarter_tend3	0.00482916360185826	0.00244933176568623	0.00227790432801822
mactivos_margen	0.00473924611423977	0.0129607155664997	0.0125284738041002
ccaja_ahorro	0.00458256977862397	0.0101504305259972	0.00398633257403189
mactivos_margen_avg3	0.0045422066000285	0.00445739600913519	0.00797266514806378
mcuentas_saldo_tend3	0.00451465214388829	0.00617539834016561	0.00569476082004556
Visa_mpagominimo	0.00432025480074498	0.012747847032649	0.0130979498861048
cdescubierto_preacordado_eficiencia3	0.00420155249311352	0.00544038997474957	0.00227790432801822
ctarjeta_visa_transacciones_ratioavg3	0.00414663013184191	0.0106253917650491	0.0108200455580866
ccomisiones_mantenimiento_tend3	0.0040366713198511	0.00489101205539915	0.00227790432801822
ctrx_quarter_normalizado_ratioavg3	0.00359883302688587	0.00124472888896577	0.00227790432801822
mpayroll_sobre_edad	0.0034387958708332	0.00524834862238559	0.00284738041002278
ccomisiones_mantenimiento_ratioavg3	0.00276343605333948	0.00593809758379786	0.00284738041002278
internet_max3	0.00275738593983044	0.00600714753634889	0.00284738041002278
mcuentas_saldo_ratioavg3	0.00257130488828633	0.0125008472770043	0.0113895216400911
ctrx_quarter_ratioavg3	0.00252658916864681	0.00450956993628028	0.00398633257403189
mactivos_margen_max3	0.00249876871344946	0.00473026494809603	0.00569476082004556
ccomisiones_mantenimiento_eficiencia3	0.00242369936385767	0.00477728409435033	0.00569476082004556
ccaja_seguridad	0.00232043153692124	0.00882649184662512	0.00284738041002278
mtarjeta_master_consumo	0.00219547426899978	0.00517849171620586	0.00455580865603645
Visa_mpagominimo_avg3	0.00211445028125347	0.00677047122403263	0.00626423690205011
internet_avg3	0.00208599172258898	0.00383848785398968	0.00341685649202734
mcuenta_corriente_min3	0.00196775908765676	0.00482171515559308	0.00683371298405467
Visa_delinquency_max3	0.00195741706242407	0.00240834824368127	0.00113895216400911
mttarjeta_visa_debitos_automaticos_ratioavg3	0.0019392750293653	0.00432188613351126	0.00341685649202734
mcuenta_corriente_tend3	0.0019337613118518	0.00429792641637196	0.00341685649202734
Visa_mpagominimo_max3	0.00189018403228237	0.00355943940025293	0.005125284738041
thomebanking	0.00188559157064694	0.00181980293410712	0.00170842824601367
mrentabilidad_annual_avg3	0.00174811054003651	0.00523922518521487	0.005125284738041
internet	0.00174737953415728	0.00277102820481629	0.00341685649202734
mcaja_ahorro_dolares_ratioavg3	0.00173036657950225	0.00454276586965166	0.00341685649202734
Visa_fechaalta	0.00171680189036209	0.00288650229684961	0.00455580865603645
mpagomiscuentas	0.00164327094388792	0.005243819959732	0.00284738041002278
kmes_eficiencia3	0.00156646503267353	0.00664866594883053	0.00683371298405467
mcaja_ahorro_ratioavg3	0.00153103134540358	0.00611674156145889	0.00740318906605923
cliente_edad	0.00148808135892111	0.00946325992726361	0.00968109339407745
mcuenta_debitos_automaticos	0.00145611326514158	0.00797662189614693	0.00398633257403189
mcaja_ahorro_max3	0.00139988986426681	0.00644176887183222	0.00683371298405467
cproductos_tend3	0.00138757215312768	0.00440760016461154	0.00284738041002278
internet_ratioavg3	0.00133735009536071	0.000472258430512409	0.00113895216400911
ccallcenter_transacciones_tend3	0.00130922839984889	0.00245919021122237	0.00113895216400911
cliente_edad_min3	0.00129358214500253	0.00169973212309008	0.005125284738041
mpayroll_ratioavg3	0.00126272954227556	0.00285820058584795	0.00227790432801822
cdescubierto_preacordado_avg3	0.00125549423291286	0.00669574148461551	0.00398633257403189
mrentabilidad_annual	0.00122597300223478	0.00131608497887496	0.00398633257403189
mcomisiones_mantenimiento	0.00120625623341509	0.0037825533284882	0.00683371298405467
mcomisiones_mantenimiento_ratioavg3	0.00117413957370925	0.00179830296718541	0.00284738041002278
Visa_mpagominimo_min3	0.00113216202021426	0.00299263711592238	0.00626423690205011
mpasivos_margen_max3	0.00110842078582501	0.00523034675083262	0.00683371298405467
Visa_delinquency_eficiencia3	0.00110531054275724	0.00638615712778222	0.00227790432801822
Visa_msaldopesos_ratioavg3	0.00109876104012997	0.00383074304362076	0.00341685649202734
mactivos_margen_eficiencia3	0.00104897807523568	0.00250833077051018	0.00569476082004556
Visa_mfinanciacion_limite	0.00102805737025249	0.000610661672400195	0.00170842824601367
Visa_cconsumos_ratioavg3	0.00102536048174027	0.00150825272156632	0.00341685649202734
cproductos_max3	0.00101319353284065	0.00769307005782208	0.00569476082004556
mtransferencias_emitidas_eficiencia3	0.000995184837640105	0.00360035486592776	0.00227790432801822
ccuenta_debitos_automaticos_ratioavg3	0.000992478582004599	0.00501006202146422	0.00398633257403189
mplazo_fijo_dolares_ratioavg3	0.000962752629953894	0.00330209313796171	0.00113895216400911
mpasivos_margen	0.00093512335809249	0.00145356265467296	0.00227790432801822
ctarjeta_debito_eficiencia3	0.000929682839432074	0.00764212308908593	0.00284738041002278
cliente_antiguedad	0.00089852882742792	0.00601434984054334	0.00683371298405467
mactivos_margen_ratioavg3	0.000895169861538766	0.00406290651929689	0.005125284738041
Visa_fechaalta_eficiencia3	0.000891975757989595	0.00330051812003581	0.005125284738041
mpayroll_sobre_edad_ratioavg3	0.000887653814557665	0.00264467676676144	0.00170842824601367
cpayroll_trx_ratioavg3	0.000885690859062282	0.0027308069137088	0.00170842824601367
mpayroll_eficiencia3	0.000882343617083795	0.00580834916263618	0.005125284738041
Visa_fultimo_cierre_avg3	0.000871958979292061	0.0019667521065928	0.00170842824601367
ctarjeta_master_transacciones_ratioavg3	0.000870879079548769	0.00298525203186986	0.00227790432801822
cproductos_avg3	0.000856655241786148	0.00343581799326962	0.00398633257403189
ctarjeta_visa_transacciones	0.000841464646243109	0.000759722535586514	0.00170842824601367
mrentabilidad	0.000836323668568778	0.00284317569262157	0.00683371298405467
mtransferencias_recibidas	0.00081871516641526	0.00241388608448737	0.00341685649202734
ctrx_quarter_min3	0.000792686587515426	0.00194043569596438	0.00113895216400911
Visa_Fvencimiento_eficiencia3	0.000756688875207671	0.00300930702787135	0.00341685649202734
ctrx_quarter_normalizado_eficiencia3	0.000739672428117517	0.00195224055254227	0.00284738041002278
mpayroll_sobre_edad_max3	0.000704802911403505	0.00576817842765964	0.00341685649202734
Visa_mpagospesos_tend3	0.00070399628677543	0.00496238758997409	0.00569476082004556
mcuenta_corriente_avg3	0.000691002046338497	0.00132227227151716	0.00341685649202734
mcomisiones_mantenimiento_eficiencia3	0.00067946026292951	0.00322910564059595	0.00341685649202734
internet_eficiencia3	0.000669669796681496	0.00343497798370915	0.00626423690205011
mactivos_margen_tend3	0.000668654243640492	0.00558105074233113	0.00626423690205011
Visa_delinquency_ratioavg3	0.000643431888334914	0.00634374636731109	0.00227790432801822
Master_fechaalta	0.000640508985307594	0.00151195887485861	0.00113895216400911
mcuenta_corriente_eficiencia3	0.000635477217372894	0.00235626376199865	0.00455580865603645
mcaja_ahorro_dolares_eficiencia3	0.000632402050237688	0.00562989185376637	0.00455580865603645
Visa_msaldototal_tend3	0.000629351224243446	0.00320763872960602	0.00398633257403189
mtransferencias_recibidas_min3	0.000622752924536608	0.00271176475253811	0.00170842824601367
Visa_msaldototal_min3	0.000613995485025374	0.000639120885194453	0.00170842824601367
Master_delinquency	0.00060880408370216	0.00242103783255087	0.00170842824601367
cliente_edad_avg3	0.00057269537663238	0.00205109528875757	0.00398633257403189
ccaja_ahorro_eficiencia3	0.000569127821822073	0.00524646832320739	0.00227790432801822
Visa_cconsumos_tend3	0.000543613254995662	0.00158728167658115	0.00113895216400911
Visa_fechaalta_min3	0.000529909974388573	0.00194802883794044	0.00170842824601367
mcuenta_corriente_ratioavg3	0.000512559013455112	0.00192575886225496	0.005125284738041
mpayroll_sobre_edad_eficiencia3	0.000509539136539692	0.0027445056807309	0.00341685649202734
numero_de_cliente	0.00049675837034038	0.00268085162292599	0.00398633257403189
Master_mpagominimo	0.000495421585825484	0.00451468388337299	0.00227790432801822
mcuentas_saldo_eficiencia3	0.000491430091430434	0.00147875321915435	0.00398633257403189
mttarjeta_visa_debitos_automaticos_eficiencia3	0.000490623490903799	0.00320834262650623	0.00284738041002278
mpayroll_tend3	0.000487917607147958	0.00202682445696624	0.000569476082004556
mttarjeta_visa_debitos_automaticos_tend3	0.000471730804188744	0.00464775928684479	0.00170842824601367
Master_Fvencimiento	0.000463990495983899	0.00204478549472113	0.00398633257403189
Visa_status_tend3	0.000462404152726807	0.000389311375348606	0.000569476082004556
ccajas_consultas_ratioavg3	0.000461449605534358	0.00188645535937096	0.000569476082004556
chomebanking_transacciones_tend3	0.000458277203588961	0.00573421054105792	0.00227790432801822
mrentabilidad_avg3	0.000457067149196538	0.00482845273227606	0.00398633257403189
Visa_mconsumospesos_max3	0.000453067292359622	0.0030764280695798	0.00398633257403189
mcaja_ahorro_dolares	0.000452197624275483	0.00318420401844201	0.00284738041002278
mcomisiones_mantenimiento_min3	0.000445811163394699	0.00440660654219163	0.00284738041002278
tcallcenter_eficiencia3	0.000445677671529789	0.00203720790847768	0.00113895216400911
thomebanking_eficiencia3	0.000444527189026017	0.00429301469380307	0.00398633257403189
mrentabilidad_annual_tend3	0.000443485368143586	0.00153234466243274	0.005125284738041
chomebanking_transacciones	0.000440586991388629	0.00277906274070491	0.00341685649202734
Visa_mpagominimo_tend3	0.000440308731620609	0.000927477500426562	0.000569476082004556
Visa_mconsumospesos	0.000434465557827251	0.00126502717554402	0.00284738041002278
ctarjeta_debito_transacciones_ratioavg3	0.000425782591261171	0.00350600934770028	0.00455580865603645
Visa_fultimo_cierre_min3	0.000424823507136804	0.000779206090669765	0.00170842824601367
mtarjeta_visa_consumo_max3	0.000422069052662935	0.00061828398137488	0.00170842824601367
ctarjeta_visa_debitos_automaticos_eficiencia3	0.000421488706554208	0.00139553588313659	0.00398633257403189
thomebanking_max3	0.000420095037789678	0.00144727813870199	0.00227790432801822
Visa_fechaalta_ratioavg3	0.00041600776174465	0.0016179498034048	0.00341685649202734
mpasivos_margen_ratioavg3	0.000415796535711609	0.00188905316671539	0.00341685649202734
Visa_status_ratioavg3	0.000410109308847475	0.00588276584293469	0.00170842824601367
cproductos_eficiencia3	0.000401920040023881	0.00229803865487161	0.00227790432801822
cmobile_app_trx_ratioavg3	0.000396222487839996	0.00146597807375545	0.00170842824601367
active_quarter_eficiencia3	0.000387181743932238	0.00324690334315852	0.00170842824601367
cliente_edad_max3	0.000380541339362944	0.00218792156825289	0.00227790432801822
chomebanking_transacciones_max3	0.000378380865642357	0.00103767625464144	0.00284738041002278
mcuenta_corriente_max3	0.000361217357930113	0.00133868940281136	0.00227790432801822
Visa_cconsumos_max3	0.000348743692585844	0.00197739028322558	0.00284738041002278
mcomisiones_mantenimiento_max3	0.000345457886744938	0.00136960836582321	0.00284738041002278
mrentabilidad_annual_ratioavg3	0.000344403548069599	0.00182484299146997	0.00398633257403189
Visa_mlimitecompra_min3	0.000342988185381418	0.00146581473856313	0.00113895216400911
Master_Fvencimiento_eficiencia3	0.000341908722192516	0.00163230385566274	0.00455580865603645
tcallcenter_ratioavg3	0.000339448421300188	0.00159109672000164	0.000569476082004556
mtarjeta_visa_consumo_ratioavg3	0.000338903909233061	0.00214743388522461	0.00341685649202734
Master_msaldopesos_ratioavg3	0.000338122201401524	0.000656479138311037	0.000569476082004556
tcallcenter_max3	0.000334093658090598	0.00124889588083637	0.00170842824601367
mrentabilidad_eficiencia3	0.000328743422111715	0.00177784328988142	0.00284738041002278
mcaja_ahorro_avg3	0.000328584891427252	0.00146773587153941	0.00284738041002278
ctransferencias_recibidas_eficiencia3	0.000325473303125214	0.00128101846865825	0.00398633257403189
cplazo_fijo_ratioavg3	0.000324538775993705	0.00202682445696624	0.000569476082004556
Visa_cconsumos_eficiencia3	0.00032412435976213	0.00139131444620189	0.00398633257403189
mautoservicio_eficiencia3	0.000321772599226036	0.000728885240170818	0.00227790432801822
cproductos_min3	0.000320859935385112	0.00108904128369125	0.00113895216400911
mrentabilidad_tend3	0.000320283588195439	0.00324597194366901	0.00341685649202734
cmobile_app_trx_max3	0.000319628474063128	0.00120806597169085	0.00284738041002278
mcomisiones_otras_min3	0.000318110790706117	0.00119483971004651	0.00284738041002278
ctransferencias_recibidas_avg3	0.00031499643755961	0.00095287806729807	0.00341685649202734
Visa_msaldopesos_eficiencia3	0.000314901640178095	0.00107354388508711	0.00284738041002278
Visa_mconsumospesos_min3	0.000313953664341863	0.0010620306984955	0.00227790432801822
Master_fultimo_cierre_eficiencia3	0.000309309278603936	0.00273782254911203	0.00170842824601367
ctarjeta_visa_transacciones_min3	0.000307978056115339	0.000783287526011057	0.00170842824601367
ccaja_ahorro_avg3	0.000304829942762693	0.00335017396296605	0.00170842824601367
ccaja_ahorro_tend3	0.000303717450192036	0.00608047337089873	0.00170842824601367
Master_mpagominimo_tend3	0.00029765225130353	0.00146802948599226	0.00113895216400911
mtransferencias_emitidas_max3	0.000291637812372473	0.00147753987201144	0.00341685649202734
mcomisiones_otras_avg3	0.000289802369563728	0.00157649766495523	0.00113895216400911
Visa_mconsumospesos_avg3	0.000287758376638664	0.00158683639373543	0.00284738041002278
mcuentas_saldo_max3	0.000286753881156556	0.00054582926785072	0.00227790432801822
Visa_mlimitecompra	0.00028105579863993	0.000926013317095456	0.00227790432801822
Visa_Fvencimiento	0.000279565935519839	0.000971445778624413	0.00170842824601367
Master_mfinanciacion_limite_min3	0.000278081983669558	0.000586678621661991	0.00170842824601367
mextraccion_autoservicio_eficiencia3	0.000275836638925001	0.000781895287943231	0.00284738041002278
chomebanking_transacciones_avg3	0.000275407412181538	0.00125775487055286	0.00284738041002278
Visa_mpagospesos_max3	0.000274531311791839	0.00248717886310543	0.00227790432801822
mrentabilidad_min3	0.000274374388678495	0.00268154579749332	0.00170842824601367
Visa_delinquency_avg3	0.000271889773323527	0.00201417181296158	0.000569476082004556
mcuenta_debitos_automaticos_eficiencia3	0.000266264569520098	0.00172002263180203	0.00227790432801822
Visa_mlimitecompra_avg3	0.000263090065646157	0.00280164383104241	0.00113895216400911
Master_mpagospesos_ratioavg3	0.0002604341948547	0.00174264066700446	0.00284738041002278
cliente_antiguedad_eficiencia3	0.000258312087797498	0.00095883396841783	0.00284738041002278
Master_msaldototal_tend3	0.000250770106251911	0.0010812517505911	0.00113895216400911
Master_fechaalta_eficiencia3	0.000249007930204709	0.0011257567015637	0.00227790432801822
Visa_mfinanciacion_limite_eficiencia3	0.000248976313965683	0.00115948736324326	0.00227790432801822
mtransferencias_emitidas	0.000248466534852972	0.002563330007589	0.00170842824601367
Master_fultimo_cierre_min3	0.000242680439737639	0.000528276568076618	0.00170842824601367
Master_Fvencimiento_ratioavg3	0.000241461573414016	0.000626384629127058	0.00170842824601367
Visa_cconsumos_avg3	0.000236506428859056	0.00124810059400712	0.00227790432801822
cmobile_app_trx_avg3	0.000236030726858634	0.00107605419143566	0.00227790432801822
ctrx_quarter_normalizado_avg3	0.000235027553974641	0.00121388381568377	0.00227790432801822
Master_fultimo_cierre	0.000233929435361483	0.00145799992739751	0.00113895216400911
ccajas_transacciones_ratioavg3	0.000232909498788924	0.00400783922588794	0.00170842824601367
cliente_antiguedad_ratioavg3	0.000231219009823121	0.00131551525016843	0.00227790432801822
ccajas_depositos_eficiencia3	0.000230881955880012	0.00418965073959993	0.00170842824601367
Visa_mpagospesos_eficiencia3	0.00022816953674327	0.00136125493741626	0.00284738041002278
mcomisiones	0.000227196518449531	0.000422946758165978	0.00113895216400911
ccajas_transacciones_eficiencia3	0.000225500957368467	0.00147086451825886	0.00227790432801822
Master_msaldototal	0.000225017075632276	0.00120479537891141	0.00227790432801822
mcomisiones_mantenimiento_tend3	0.000221274528803276	0.0035699453531586	0.00113895216400911
ccallcenter_transacciones_eficiencia3	0.000218816963651791	0.000671447642006732	0.00113895216400911
cpayroll_trx_avg3	0.000208555561930545	0.000712510887141272	0.00113895216400911
Visa_mpagado_avg3	0.000208352353946462	0.00128209181420775	0.00113895216400911
mcheques_depositados_avg3	0.000207665453399757	0.00375268243296037	0.00113895216400911
mtarjeta_visa_consumo_avg3	0.000207136650216862	0.000717854281289852	0.00170842824601367
mcomisiones_otras_max3	0.000202771843611333	0.000566720616734397	0.00170842824601367
Visa_mpagospesos_min3	0.000200896480328948	0.000286732985641839	0.00113895216400911
mcaja_ahorro_tend3	0.000199713873889563	0.00102361387236978	0.00170842824601367
Master_fechaalta_ratioavg3	0.000197349521184628	0.00118678961842529	0.00227790432801822
Visa_Fvencimiento_tend3	0.000196011575758429	0.000356817394410861	0.00113895216400911
Visa_msaldototal_avg3	0.000193067252462385	0.000643900384036232	0.00227790432801822
ccajas_consultas_tend3	0.000191825025628307	0.00202682445696624	0.000569476082004556
Visa_msaldopesos_avg3	0.000191585059764608	0.000582416350929208	0.00227790432801822
Visa_fultimo_cierre_eficiencia3	0.000187517753657609	0.000493960621957934	0.00170842824601367
ccajas_consultas_max3	0.000186156790496994	0.00188645535937096	0.000569476082004556
Visa_mconsumosdolares	0.000185802062568574	0.000951161103312191	0.00113895216400911
mpagomiscuentas_ratioavg3	0.000185431773901461	0.00214232966046477	0.00113895216400911
tmobile_app_eficiencia3	0.000185184722921704	0.00130417123216886	0.00113895216400911
Visa_Fvencimiento_ratioavg3	0.000185073362747486	0.00144246752839501	0.00170842824601367
Master_mlimitecompra_eficiencia3	0.000184556207482456	0.000344149194673598	0.00113895216400911
Visa_mconsumosdolares_avg3	0.000183579839037992	0.0021974766770033	0.00113895216400911
mrentabilidad_annual_eficiencia3	0.000182466744992399	0.00200494726352895	0.00170842824601367
mrentabilidad_ratioavg3	0.000182271129820961	0.00178757728955675	0.00170842824601367
ctarjeta_visa_transacciones_eficiencia3	0.000181636719280584	0.000616121734543286	0.00170842824601367
ccallcenter_transacciones_max3	0.000180826196231914	0.00304534382690906	0.00113895216400911
Visa_cconsumos	0.000175944447787946	0.00061788925466012	0.00170842824601367
Visa_mfinanciacion_limite_ratioavg3	0.000175772079946196	0.00294817883214758	0.00170842824601367
mcaja_ahorro_dolares_max3	0.000174765388757195	0.0011604557075977	0.00170842824601367
mcomisiones_tend3	0.000174558245316132	0.000517865894033132	0.000569476082004556
mcomisiones_avg3	0.000169024307250048	0.00047015451767807	0.00113895216400911
chomebanking_transacciones_ratioavg3	0.000168418123993138	0.000528319346341272	0.00170842824601367
Master_mpagominimo_avg3	0.00016722843567143	0.00288426421582159	0.00170842824601367
mtransferencias_recibidas_avg3	0.000166980133235755	0.000781543339493125	0.00170842824601367
cpagomiscuentas_tend3	0.000166280753700977	0.00232780843813754	0.00113895216400911
cseguro_accidentes_personales_min3	0.000164267885487033	0.00324581444187642	0.00170842824601367
Master_mpagominimo_max3	0.0001623850005342	0.000634778891332087	0.00113895216400911
Visa_fechaalta_tend3	0.000162045251271952	0.000586165282486144	0.00113895216400911
mcaja_ahorro_eficiencia3	0.000161286691130606	0.00056758590436035	0.00227790432801822
Master_mlimitecompra_min3	0.000157987575231417	0.00138574354946401	0.00113895216400911
tmobile_app_max3	0.000156650645198391	0.000861163412346804	0.00170842824601367
Master_mfinanciacion_limite_max3	0.000154361189058054	0.000776833841448052	0.00170842824601367
cliente_antiguedad_max3	0.000149766848621872	0.000805664447358167	0.00113895216400911
ccajas_transacciones	0.000145234440701782	0.000391094451198041	0.000569476082004556
Visa_mpagado_eficiencia3	0.000144437324723481	0.00200365613772304	0.00170842824601367
ctarjeta_master_eficiencia3	0.000141403316987104	0.00154291089380224	0.000569476082004556
mrentabilidad_max3	0.000140985558689146	0.0014890725032688	0.00170842824601367
Master_mlimitecompra_max3	0.000140535653819421	0.00103423843773653	0.000569476082004556
ccomisiones_mantenimiento_max3	0.000140380162847005	0.00426296685181689	0.00170842824601367
ctrx_quarter_normalizado_min3	0.00014018593171467	0.000425980126023251	0.00113895216400911
ccajas_extracciones_eficiencia3	0.000138907480567452	0.00196924296827559	0.00113895216400911
ctarjeta_master_transacciones_eficiencia3	0.00013828247696574	0.00134369251530929	0.00113895216400911
Visa_Fvencimiento_max3	0.000138256739659162	0.000663006712603899	0.00170842824601367
cmobile_app_trx_tend3	0.000136048993565639	0.000314186909216731	0.00113895216400911
mtransferencias_recibidas_ratioavg3	0.000135606362985543	0.000389426098876541	0.00170842824601367
mpayroll_max3	0.000135385456763126	0.00101127039855057	0.00113895216400911
tcallcenter	0.000135083936730474	0.000873285216976443	0.000569476082004556
Master_mfinanciacion_limite	0.00013234905282821	0.000418315038783912	0.00170842824601367
Master_mpagospesos_tend3	0.000132135183215809	0.00215545869878035	0.00113895216400911
ctransferencias_emitidas_avg3	0.000131606570823351	0.000174093925875118	0.000569476082004556
mcaja_ahorro_min3	0.000129092622247129	0.00188549090394967	0.00227790432801822
chomebanking_transacciones_eficiencia3	0.000128946674030299	0.000491833375524693	0.00170842824601367
Visa_msaldototal_eficiencia3	0.000128849102507324	0.000573652640074895	0.00227790432801822
ctarjeta_master_ratioavg3	0.000128786959798379	0.000323271457055947	0.000569476082004556
mautoservicio	0.000126984824472702	0.000505327973556406	0.000569476082004556
ccaja_ahorro_ratioavg3	0.00012685971121834	0.00405364891393249	0.00113895216400911
ccomisiones_otras_avg3	0.000125606531719683	0.00063291998128622	0.00170842824601367
mcomisiones_eficiencia3	0.000125213409641119	0.00158998642958722	0.00113895216400911
Master_mconsumototal_eficiencia3	0.000122828632658216	0.000271348366099057	0.000569476082004556
Master_mfinanciacion_limite_avg3	0.000120988850175464	0.000353225964646514	0.00113895216400911
ccuenta_debitos_automaticos_tend3	0.000120481625714367	0.00189665991995747	0.000569476082004556
ctrx_quarter_avg3	0.000119359661530321	0.000122320558844516	0.000569476082004556
mautoservicio_ratioavg3	0.00011899785818705	0.00042835820864469	0.000569476082004556
cliente_antiguedad_min3	0.000118374686496907	0.00166969011450363	0.00170842824601367
mcaja_ahorro_dolares_tend3	0.000117441884563671	0.00234921118173049	0.00113895216400911
mcomisiones_otras_eficiencia3	0.000116869277189936	0.000367836686492377	0.00113895216400911
ctransferencias_recibidas_max3	0.000116598904504558	0.00180981420931044	0.00113895216400911
Visa_fultimo_cierre_ratioavg3	0.000115964636248575	0.00073797562140976	0.00113895216400911
ccajas_depositos	0.000115876591312505	0.00189496240063734	0.000569476082004556
ctarjeta_visa_debitos_automaticos_avg3	0.000115739183393032	0.000715454809536086	0.000569476082004556
kmes	0.000113855514259166	0.000528054898887048	0.00113895216400911
cprestamos_hipotecarios_max3	0.00011297221435999	0.00405364891393249	0.00113895216400911
mtransferencias_recibidas_max3	0.000112266134523763	0.000732313334742851	0.00170842824601367
mrentabilidad_annual_min3	0.000112084156017966	0.000802296631249964	0.000569476082004556
mtarjeta_visa_consumo_eficiencia3	0.000111272041971076	0.000913403451355448	0.00113895216400911
mcheques_depositados_eficiencia3	0.000109979950924481	0.00150213542972082	0.000569476082004556
cseguro_vida	0.000109760962307643	0.000214410495844791	0.000569476082004556
ctarjeta_visa_avg3	0.000109574760542343	0.00138456520271946	0.00113895216400911
Visa_mpagominimo_eficiencia3	0.000106290801164818	0.00134518197670587	0.00113895216400911
Visa_fultimo_cierre	0.000105277123084496	0.00032663927316415	0.00113895216400911
Visa_mlimitecompra_eficiencia3	0.000104834992520862	0.000373428972362579	0.00113895216400911
Master_mlimitecompra	0.000103007459430912	0.000442471147047308	0.00113895216400911
Visa_status_avg3	0.000102670918034994	0.000131045380367325	0.000569476082004556
Visa_msaldototal_ratioavg3	0.000100798804657511	0.000474996239450255	0.00113895216400911
Visa_status_eficiencia3	0.000100472468933105	0.00186536956382976	0.000569476082004556
mttarjeta_visa_debitos_automaticos_max3	9.96168352641616e-05	0.000503614898503677	0.000569476082004556
mttarjeta_master_debitos_automaticos_eficiencia3	9.92948909535423e-05	0.003287046855603	0.00113895216400911
ctrx_quarter_eficiencia3	9.85283467174681e-05	0.000804054429033923	0.00113895216400911
ctrx_quarter_normalizado_tend3	9.76831709514614e-05	0.000905716974983782	0.000569476082004556
Visa_mpagospesos_avg3	9.71150794903582e-05	0.00057025760143464	0.00170842824601367
Master_fultimo_cierre_avg3	9.66875747114319e-05	0.000131055102700201	0.000569476082004556
cmobile_app_trx_min3	9.53127614585856e-05	0.000270068907092592	0.00113895216400911
mcaja_ahorro_dolares_min3	9.48236232841687e-05	0.000452172090790854	0.000569476082004556
Visa_Finiciomora_max3	9.43401150445114e-05	0.00185787364518246	0.000569476082004556
ctarjeta_debito_transacciones_max3	9.42345832756134e-05	0.000675606856011031	0.00170842824601367
catm_trx_min3	9.40851123073882e-05	0.0021061489709005	0.00113895216400911
Visa_mconsumospesos_ratioavg3	9.09392981411946e-05	0.00219682722516719	0.00113895216400911
ccomisiones_mantenimiento_avg3	9.08715319649623e-05	0.00175422774332592	0.000569476082004556
mcomisiones_mantenimiento_avg3	8.95486751519673e-05	0.000155117876567988	0.000569476082004556
mpasivos_margen_avg3	8.90232738595761e-05	0.000322664783484493	0.00113895216400911
mtransferencias_emitidas_tend3	8.83084597018179e-05	0.000719682079870516	0.000569476082004556
Master_msaldopesos_min3	8.78083365254608e-05	0.000321649771932252	0.00113895216400911
mcomisiones_max3	8.76603607560205e-05	0.000582064402479101	0.00113895216400911
ccaja_ahorro_max3	8.73652887933917e-05	0.0017648503642261	0.000569476082004556
ccomisiones_otras_min3	8.70262380181671e-05	0.00043570829229885	0.00113895216400911
mcomisiones_ratioavg3	8.67537343006197e-05	0.000568225633863582	0.00113895216400911
mpayroll	8.65766063991535e-05	0.000587034459045247	0.000569476082004556
Master_status_max3	8.60491322818451e-05	0.00023015095277083	0.000569476082004556
Visa_fultimo_cierre_max3	8.56067377644926e-05	0.00018295874899134	0.000569476082004556
Master_status_eficiencia3	8.50816436770423e-05	0.00160776857641719	0.000569476082004556
ccheques_depositados_eficiencia3	8.42972233471424e-05	0.000450165401285274	0.000569476082004556
Master_msaldopesos_avg3	8.41003405511065e-05	0.000271159752841265	0.000569476082004556
cpayroll_trx_eficiencia3	8.40089034257417e-05	0.0013483203457582	0.000569476082004556
mcuenta_debitos_automaticos_tend3	8.38252207409569e-05	0.000754036915320703	0.000569476082004556
tmobile_app_tend3	8.18546077582038e-05	0.00167781215138813	0.000569476082004556
ctarjeta_debito_transacciones_tend3	8.12432505233412e-05	0.000184592100914486	0.000569476082004556
mpasivos_margen_tend3	8.0993386193072e-05	0.00277270239053751	0.00113895216400911
ccomisiones_otras_ratioavg3	8.02752768581054e-05	0.000582400795196606	0.000569476082004556
Visa_mpagospesos_ratioavg3	7.92032933010802e-05	0.00014629194278327	0.000569476082004556
Visa_Fvencimiento_min3	7.89949954161867e-05	0.000350410377045661	0.00113895216400911
matm_other_eficiencia3	7.85437679483483e-05	0.000815948731074266	0.00170842824601367
Visa_mconsumospesos_eficiencia3	7.8224936108841e-05	0.00071593703724673	0.00113895216400911
mcheques_emitidos_rechazados_avg3	7.70285798230474e-05	0.00405364891393249	0.00113895216400911
ctransferencias_emitidas_ratioavg3	7.51954103308652e-05	0.000595691224237925	0.00113895216400911
Master_fultimo_cierre_tend3	7.51051179481223e-05	0.000351839559978414	0.00113895216400911
Master_mpagominimo_min3	7.50363266775081e-05	0.000151351444811875	0.000569476082004556
Master_delinquency_tend3	7.4743583004958e-05	0.000331897110783422	0.000569476082004556
mcomisiones_otras_ratioavg3	7.44325056649069e-05	0.000237537981289919	0.00113895216400911
cpagomiscuentas_avg3	7.42808159494176e-05	0.000174235871935106	0.000569476082004556
Visa_msaldototal_max3	7.40267930343692e-05	0.000486400535913655	0.000569476082004556
ccajas_consultas	7.35624026432462e-05	0.00202682445696624	0.000569476082004556
ccajas_otras_eficiencia3	7.32315720254935e-05	0.00122026166605035	0.000569476082004556
Visa_msaldopesos_max3	7.2029521130216e-05	0.00162681851545418	0.000569476082004556
ctarjeta_debito_transacciones_min3	7.04004683019945e-05	0.000130425095529844	0.000569476082004556
Visa_mlimitecompra_tend3	6.99998601240804e-05	0.0004315296336288	0.000569476082004556
mcuenta_debitos_automaticos_min3	6.99659835034367e-05	0.000497534551523105	0.000569476082004556
catm_trx_ratioavg3	6.80558543229478e-05	0.000497324549132987	0.000569476082004556
Master_fultimo_cierre_ratioavg3	6.80545608284597e-05	0.000117776340458333	0.000569476082004556
Visa_mpagado_ratioavg3	6.7879085366202e-05	0.000213957435132775	0.000569476082004556
cmobile_app_trx	6.7834238295431e-05	0.00038195156936157	0.00113895216400911
Master_Fvencimiento_max3	6.57809823329641e-05	0.000551477943251603	0.00113895216400911
ccomisiones_mantenimiento	6.40687481079481e-05	0.000130148981276169	0.000569476082004556
mcheques_emitidos_rechazados_max3	6.38569319180469e-05	0.00202682445696624	0.000569476082004556
Visa_mfinanciacion_limite_avg3	6.33365914228405e-05	0.000248625329701565	0.000569476082004556
mpayroll_avg3	6.31633601735197e-05	0.00155424907840208	0.000569476082004556
cforex_sell_eficiencia3	6.30424831136054e-05	0.00140410709179996	0.000569476082004556
Visa_msaldodolares_max3	6.26004637096543e-05	0.000474335120814696	0.000569476082004556
Visa_mfinanciacion_limite_min3	6.24279762196642e-05	0.000528840463383418	0.000569476082004556
Master_Fvencimiento_avg3	6.23009421259865e-05	0.000422721200043258	0.000569476082004556
ccajas_consultas_eficiencia3	6.2195755154213e-05	0.00122949593781585	0.000569476082004556
Master_cconsumos_ratioavg3	6.14051583881323e-05	0.000310105473875439	0.000569476082004556
tmobile_app	6.05203499510098e-05	0.000440483902207479	0.00113895216400911
ccomisiones_otras_max3	6.03873851851041e-05	0.000117651894597521	0.000569476082004556
cseguro_accidentes_personales_avg3	6.01349985405831e-05	0.000320323645727982	0.000569476082004556
mpagomiscuentas_max3	6.0062640458918e-05	0.000144364976407272	0.000569476082004556
cextraccion_autoservicio_ratioavg3	6.00293071059593e-05	0.000174519764055081	0.000569476082004556
Master_mpagosdolares	5.99032043283129e-05	0.000368933365640775	0.00113895216400911
mextraccion_autoservicio_ratioavg3	5.9736298267039e-05	0.000272991440355079	0.000569476082004556
cseguro_accidentes_personales_eficiencia3	5.94682732741568e-05	0.00192538358020595	0.000569476082004556
Visa_mconsumospesos_tend3	5.80534700223422e-05	0.000358501302464963	0.00113895216400911
Visa_mfinanciacion_limite_max3	5.71890131041221e-05	0.000259288784399823	0.000569476082004556
Master_fechaalta_min3	5.65108145415862e-05	0.000354785426839804	0.000569476082004556
mtransferencias_emitidas_min3	5.63211494447939e-05	0.0011640821377604	0.000569476082004556
mcaja_ahorro_dolares_avg3	5.61023160472947e-05	0.000172133903567342	0.000569476082004556
mautoservicio_avg3	5.6019351310827e-05	0.000138825191134599	0.000569476082004556
cliente_antiguedad_avg3	5.5939846672115e-05	0.000209887666590934	0.000569476082004556
Master_cconsumos_max3	5.56625667261703e-05	0.000300509531326952	0.000569476082004556
mtransferencias_emitidas_ratioavg3	5.54707156236931e-05	0.000396661459002767	0.000569476082004556
cseguro_vivienda	5.54458934644662e-05	0.00170240770909752	0.000569476082004556
ctrx_quarter_normalizado_max3	5.53074960217103e-05	0.00102675418588868	0.000569476082004556
mtarjeta_visa_consumo_tend3	5.48078449708414e-05	0.000118979965268366	0.000569476082004556
mttarjeta_visa_debitos_automaticos_min3	5.44036085408882e-05	0.000157375402261766	0.000569476082004556
ctarjeta_debito_transacciones_eficiencia3	5.43420721574842e-05	0.000386101061032993	0.00113895216400911
Master_msaldopesos	5.40465717248063e-05	0.000360008264060723	0.000569476082004556
ctarjeta_debito_transacciones_avg3	5.39022856483933e-05	0.000124727808464582	0.000569476082004556
Visa_mconsumosdolares_ratioavg3	5.38361298727986e-05	0.000144328031542343	0.000569476082004556
kmes_max3	5.35265546032219e-05	0.000140369097595288	0.000569476082004556
ctarjeta_visa_debitos_automaticos_tend3	5.31166332649935e-05	0.000322281723569183	0.000569476082004556
mextraccion_autoservicio_avg3	5.30027475427874e-05	0.000264476621222389	0.000569476082004556
mpagomiscuentas_min3	5.23937768052554e-05	0.00011730189061399	0.000569476082004556
ctarjeta_visa_transacciones_tend3	5.23010461854024e-05	0.000180755668361667	0.000569476082004556
ctransferencias_emitidas_max3	5.2039184693756e-05	0.000791718733081014	0.000569476082004556
mpasivos_margen_min3	5.16776303481744e-05	0.00023771881668141	0.000569476082004556
mtransferencias_recibidas_tend3	4.9498224718886e-05	0.000130115925344391	0.000569476082004556
mpagomiscuentas_avg3	4.91496764603823e-05	0.000362689683467889	0.000569476082004556
ctarjeta_visa_transacciones_max3	4.88778227238153e-05	0.000199016153969132	0.000569476082004556
mtarjeta_master_consumo_ratioavg3	4.86908836666567e-05	0.00196533070152634	0.000569476082004556
ccajas_extracciones_ratioavg3	4.83308233072088e-05	0.00115586287754713	0.000569476082004556
Visa_mconsumosdolares_min3	4.82815541021565e-05	0.000152949796336668	0.000569476082004556
Visa_Fvencimiento_avg3	4.8085411831715e-05	0.000240765795804709	0.00113895216400911
Master_mfinanciacion_limite_eficiencia3	4.71215878584839e-05	0.000532272446888602	0.00113895216400911
cextraccion_autoservicio_eficiencia3	4.70822939212371e-05	0.000260187127957554	0.000569476082004556
catm_trx_other_eficiencia3	4.69645406505116e-05	0.000223841158734388	0.000569476082004556
Visa_mpagominimo_ratioavg3	4.67374870955404e-05	0.00202682445696624	0.000569476082004556
cforex_eficiencia3	4.6636471643491e-05	0.00189272043067617	0.000569476082004556
Master_status	4.43381453647016e-05	0.00202682445696624	0.000569476082004556
mpagomiscuentas_tend3	4.38492723566548e-05	0.000126423383318135	0.000569476082004556
ctarjeta_visa_transacciones_avg3	4.37170093115088e-05	0.00156418919153437	0.000569476082004556
cseguro_vida_eficiencia3	4.35628959107224e-05	0.00201644100545481	0.000569476082004556
ctarjeta_master_debitos_automaticos_eficiencia3	4.27336624642818e-05	0.000182499854879598	0.000569476082004556
mprestamos_hipotecarios_avg3	4.25744785651019e-05	0.00202682445696624	0.000569476082004556
Visa_fultimo_cierre_tend3	4.20146282807561e-05	0.000428488487905226	0.000569476082004556
cliente_edad_eficiencia3	4.12965997891949e-05	0.000241069132590436	0.000569476082004556
Visa_mconsumototal_eficiencia3	4.11926933769646e-05	0.000220564732555219	0.000569476082004556
Master_mconsumospesos_tend3	4.04684755142778e-05	0.000170321660719279	0.000569476082004556
Master_cconsumos_tend3	4.02800392372492e-05	0.000200186722847388	0.000569476082004556
ctarjeta_visa_debitos_automaticos_ratioavg3	4.0218821376863e-05	0.000156130943653654	0.000569476082004556
Master_msaldopesos_max3	3.97163990140532e-05	0.000121113045101332	0.000569476082004556
mtransferencias_emitidas_avg3	3.97094788185418e-05	0.000534442471586497	0.00113895216400911
Visa_msaldodolares_eficiencia3	3.95092620404627e-05	0.00015369452703496	0.000569476082004556
ccuenta_debitos_automaticos_max3	3.93720610801084e-05	0.00202682445696624	0.000569476082004556
thomebanking_tend3	3.91152894892727e-05	0.000331307937411144	0.000569476082004556
mcuenta_debitos_automaticos_avg3	3.88884105560574e-05	0.000283518782393075	0.000569476082004556
Master_fultimo_cierre_max3	3.77938716888957e-05	0.000114873251861597	0.000569476082004556
thomebanking_avg3	3.74527028164468e-05	0.000115792984551654	0.000569476082004556
Visa_fechaalta_max3	3.69804641475172e-05	0.0006101600000238	0.000569476082004556
mpasivos_margen_eficiencia3	3.69246336916739e-05	0.00157294901345554	0.000569476082004556
ccajas_otras_ratioavg3	3.6660738179945e-05	0.00188778926344153	0.000569476082004556
mtarjeta_master_consumo_avg3	3.6194468988078e-05	0.000160404881185888	0.000569476082004556
Visa_msaldodolares_ratioavg3	3.57802467806766e-05	0.000235387401257775	0.000569476082004556
mtransferencias_recibidas_eficiencia3	3.56141006474144e-05	0.000225278119533442	0.000569476082004556
mpayroll_sobre_edad_min3	3.41357395228412e-05	0.00157351874216206	0.00170842824601367
ctransferencias_emitidas_eficiencia3	3.4017902579191e-05	0.000128958967732163	0.000569476082004556
ctarjeta_visa_debitos_automaticos_max3	2.83688693735543e-05	0.00026648719966112	0.000569476082004556
ccomisiones_otras_eficiencia3	2.52954520938605e-05	0.000165530495078049	0.000569476082004556
catm_trx_eficiencia3	2.51291345725787e-05	0.000118766073945097	0.000569476082004556
ctransferencias_recibidas_ratioavg3	2.29464127467964e-05	0.000137769345784279	0.000569476082004556
ccomisiones_otras	2.1848957049564e-05	0.000133347628792332	0.000569476082004556
mpayroll_min3	1.65224696294836e-05	0.000297633665262269	0.000569476082004556
Visa_msaldopesos_min3	1.54560915520879e-05	0.000793105137749114	0.00113895216400911
mautoservicio_max3	4.55295993063852e-06	0.000138902969797606	0.000569476082004556
Visa_mlimitecompra_ratioavg3	1.50512645610574e-06	0.000202574527801702	0.000569476082004556
ctarjeta_debito	1.17221422171551e-06	0.000194911385028939	0.000569476082004556
mcuenta_debitos_automaticos_max3	4.62010159156331e-07	0.000126615885509077	0.000569476082004556
