Feature	Gain	Cover	Frequency
ctrx_quarter_normalizado	0.0664493807537622	0.0051208818353367	0.00273344945001491
ctrx_quarter	0.061112529138679	0.00433133395399828	0.00274600260477961
mcaja_ahorro	0.0526149915835328	0.00613262652866553	0.00412998791758854
ctrx_quarter_normalizado_min3	0.0399369362511204	0.00258595552769238	0.0020069356180075
ctrx_quarter_min3	0.0240909427849841	0.00185048091074363	0.00186100519386778
mcaja_ahorro_max3	0.0191343456955048	0.00251346715006083	0.00362001600527233
mcuentas_saldo	0.017803656859637	0.00941831351872048	0.00601139198794897
mtarjeta_visa_consumo	0.0169990487109285	0.00413585235495131	0.00228467416717664
Visa_status	0.0166408045128895	0.00250682588906829	0.000699838378132404
mcaja_ahorro_avg3	0.0155028732690432	0.00235301163038428	0.00319477788761788
ctrx_quarter_normalizado_avg3	0.0135773590850154	0.00147408322702381	0.0016836918828163
cpayroll_trx	0.0129983424498128	0.00560925137211801	0.000819093348397119
mcaja_ahorro_min3	0.0127716058757168	0.00319115191943848	0.00314456526855905
mpayroll_sobre_edad	0.0117368147954029	0.007221592748196	0.00182177658522808
ctarjeta_visa_transacciones	0.0114504741331669	0.00368177266264006	0.00238509940529429
foto_mes	0.0112413083065357	0.0178303451432072	0.00840747540366238
cproductos_ratioavg3	0.0106657946819891	0.0112548295344648	0.0023835302609487
mpayroll	0.0103119799408911	0.00660792034371511	0.00167898444977954
mcuenta_corriente	0.0099538616610393	0.00533521868344764	0.00508245853536067
Visa_Finiciomora	0.00855312097669294	0.00622482606764226	0.00115175194966185
ctrx_quarter_avg3	0.00845036639320343	0.00138366067814437	0.00162406439768394
mcuentas_saldo_min3	0.00844367112441198	0.00175611581874482	0.00366709033563998
cdescubierto_preacordado_ratioavg3	0.00843917384891018	0.00249883621581974	0.000695130945095639
cdescubierto_preacordado_tend3	0.00764596287185293	0.00273544732762349	0.000500557046242684
ctarjeta_visa_transacciones_ratioavg3	0.00737513517454475	0.0057047679668121	0.00353528221061055
cdescubierto_preacordado	0.00719948928976201	0.00120104975264132	0.00088499741091183
mcuentas_saldo_avg3	0.0068797820006247	0.00148651938831087	0.00292959249321345
Visa_msaldototal	0.00656911486671886	0.00496729413003219	0.00348193130286055
cdescubierto_preacordado_avg3	0.00643028911101243	0.000387247293131426	0.000520955922735332
ctarjeta_visa_ratioavg3	0.00616450129664101	0.00102242336331264	0.000246355662257371
mcaja_ahorro_ratioavg3	0.00611405170766526	0.00241310934391488	0.00499301730766213
Visa_mpagospesos	0.00567337469192766	0.00163916773214749	0.00246041833388253
mpasivos_margen_max3	0.0056704954788983	0.00222644433653869	0.00338778264212525
cpayroll_trx_ratioavg3	0.00564920519854225	0.00299202944339739	0.000881859122220653
ctarjeta_visa	0.00551676202639972	0.00136713268079745	0.000422099828963266
cdescubierto_preacordado_eficiencia3	0.00542286635960401	0.00214085141287118	0.00108270959845596
mpayroll_ratioavg3	0.00493599653750859	0.00395119886012426	0.00155345290213247
cdescubierto_preacordado_min3	0.00487063765405404	0.000380256579838654	0.000420530684617678
ctrx_quarter_normalizado_max3	0.00472466971223293	0.00106926836823166	0.00181706915219131
mactivos_margen_avg3	0.00463829981129648	0.00506669200206959	0.0051593466082945
cproductos_tend3	0.00463019929578827	0.00562292242876878	0.00120667200175744
mactivos_margen	0.00442354039084284	0.00777185637436275	0.00529900045505186
Visa_msaldopesos	0.00436247711127261	0.00403550746322402	0.00339719750819878
cproductos	0.00433865077698474	0.00518246764596239	0.00350389932369879
Master_status	0.00431922712486328	0.00142490034495794	0.000440929561110327
ctrx_quarter_ratioavg3	0.00418321358524232	0.00246963397408457	0.00402642439077971
mcuenta_corriente_tend3	0.00405470958794272	0.00436922706257132	0.00352743648888261
Visa_delinquency	0.00391167971703902	0.0020932723772633	0.000685716079022109
Visa_mpagominimo	0.00382753399922811	0.00637457937748654	0.00438732759026503
ccomisiones_mantenimiento_ratioavg3	0.00382089331830565	0.00595244054666361	0.00253102982943401
mpayroll_sobre_edad_ratioavg3	0.00377788501216944	0.00407570159904908	0.00161778782030159
mpasivos_margen	0.00348380953917324	0.00187534119493185	0.00303001773133111
mcuenta_corriente_ratioavg3	0.00325325903150182	0.0014154395300874	0.00439831160068415
ctrx_quarter_normalizado_ratioavg3	0.00310209907627878	0.00205931669690858	0.00374397840857381
mpasivos_margen_avg3	0.00308530937269434	0.00145580810947136	0.00263302421189725
internet_avg3	0.00308153568287072	0.00455141240570001	0.0023301793531987
mrentabilidad_annual_max3	0.00303174297948956	0.00303200815993694	0.00478118282100771
mcuentas_saldo_tend3	0.00297137671654492	0.00745962207228661	0.00407977529852971
mactivos_margen_max3	0.00296850465851655	0.00418855270642638	0.00392129171962529
mcuentas_saldo_ratioavg3	0.00294612472256688	0.00501748659748364	0.00558929215898571
mactivos_margen_min3	0.00293366716550888	0.00392047102143937	0.00446735395189003
Visa_status_avg3	0.00282157576987083	0.00054973752609612	0.000309121436080905
mcuenta_corriente_max3	0.00280517352338799	0.00178878777197334	0.00273344945001491
ctrx_quarter_max3	0.00273870858889673	0.00114624104460669	0.00190807952423543
cpayroll_trx_min3	0.00250542272290969	0.00129436507478336	0.000240079084875018
mtarjeta_visa_consumo_ratioavg3	0.0024618169662259	0.00202564575546516	0.00219366379513251
mcomisiones_mantenimiento_ratioavg3	0.00236006933477247	0.00210196810467012	0.00274129517174285
mcuenta_corriente_min3	0.00234873929316605	0.00272576354828191	0.00403897754554441
ccomisiones_mantenimiento_tend3	0.00229414244705761	0.0021156894625577	0.000870875111801535
Visa_status_tend3	0.00227459662910876	0.000927664706524463	0.000236940796183841
mcuentas_saldo_max3	0.00219384811269601	0.00129133191020364	0.00284799698724286
Visa_mpagospesos_ratioavg3	0.00204642141883494	0.00191360099386943	0.00263459335624284
ccomisiones_mantenimiento_eficiencia3	0.00204075323724112	0.00189331495720939	0.00262517849016931
internet_ratioavg3	0.00203735063570712	0.00164885905667459	0.00230664218801488
internet_eficiencia3	0.00203055195357993	0.0021677387238664	0.00365139889218409
ccaja_ahorro	0.00202422193269868	0.0084899170422369	0.00120196456872068
ctarjeta_visa_tend3	0.00199862193412103	0.000403291409535694	8.00263616250059e-05
ctarjeta_visa_min3	0.0019567865924456	0.000565547543935363	0.000153776145867658
mactivos_margen_eficiencia3	0.00194491282415921	0.00156673587275955	0.00450501341618416
mcuenta_corriente_avg3	0.00193306329192618	0.00185240179628914	0.00364512231480174
Visa_mconsumospesos	0.00184331655328584	0.00100688785458261	0.00218111064036781
Visa_mconsumototal	0.00183657016235768	0.000819530329167486	0.00180765428611778
Master_Finiciomora	0.00182391743218689	0.00448116178314675	0.000726513832007406
cproductos_min3	0.00178058048541727	0.00173460830980392	0.00212619058827222
internet_max3	0.0017699005665832	0.00260808832622144	0.00113292221751479
mrentabilidad_annual_avg3	0.00175999964631337	0.00266621637896229	0.00412684962889736
Visa_mpagominimo_avg3	0.00175481223703837	0.00337938819050522	0.00320733104238259
Visa_Finiciomora_max3	0.00175254688496029	0.00196407122022908	0.000353057477757379
mtransferencias_recibidas	0.00171000529628927	0.00267464901394512	0.00222818497073546
mcaja_ahorro_tend3	0.00170328109314473	0.00112198830327814	0.00225172213591928
mcomisiones_mantenimiento_eficiencia3	0.00170047768275774	0.00200127650177741	0.00348036215851496
cliente_edad	0.00167577840483468	0.00741733760922169	0.0057242385727063
Master_fechaalta	0.00165927977047244	0.00170152671234573	0.00362629258265468
mrentabilidad	0.00162456615359944	0.00216413659012828	0.00352586734453702
ctrx_quarter_normalizado_tend3	0.00161090293576254	0.00179875448164242	0.00293900735928698
mcomisiones_mantenimiento	0.00157791959129105	0.00437569009328265	0.00266597624315461
Visa_mfinanciacion_limite	0.00156735955326024	0.00234586515281212	0.00293743821494139
Visa_fechaalta	0.00152243329323334	0.00174980349393008	0.00369533493386057
kmes_eficiencia3	0.00151816853492962	0.0019972932090044	0.00335483061086789
Visa_fultimo_cierre_eficiencia3	0.0015137770516158	0.00296510364347827	0.00364826060349292
mactivos_margen_ratioavg3	0.00151330431141416	0.00276972191216776	0.00458660892215475
ctrx_quarter_tend3	0.00150832549579654	0.00167087621887722	0.00291390104975757
ccaja_ahorro_max3	0.00149098110714277	0.00220051520758648	0.000870875111801535
mtarjeta_visa_consumo_max3	0.00148981883945102	0.000697019971366337	0.0012521771877795
internet	0.00146017822842778	0.00232761987689229	0.00129611322945598
mcomisiones_mantenimiento_max3	0.00144167221856875	0.00250022407780979	0.00231919534277958
mcaja_ahorro_dolares_ratioavg3	0.00144158904984798	0.00332449744623999	0.00304884746347817
cliente_edad_min3	0.0014353559902113	0.00427002310462775	0.00489259206954448
mpagomiscuentas	0.00140857139027113	0.00449589770002535	0.0013871236015001
mttarjeta_visa_debitos_automaticos_ratioavg3	0.00139278918264542	0.00145193293609836	0.00288722559588257
Visa_mpagominimo_max3	0.00137901173589584	0.00290036773202684	0.00305669318520611
mcomisiones_mantenimiento_tend3	0.00137361560017255	0.00359699436467679	0.00123648574432362
mpayroll_min3	0.00137100662309052	0.00194602098876794	0.000925795163897127
Visa_delinquency_avg3	0.00135648224497541	0.00083107646941332	0.00040954667419856
mrentabilidad_annual	0.00135119632624843	0.00149742260527654	0.00357921825228703
mcuenta_corriente_eficiencia3	0.00134279386529863	0.00142719693552784	0.00453011972571357
cproductos_avg3	0.00133244055280384	0.00206724937150845	0.00287153415242668
Visa_msaldopesos_ratioavg3	0.00132706340479028	0.00212153169688123	0.00278523121341932
cliente_edad_max3	0.00130730629352451	0.00387945796452355	0.00443283277628709
ccaja_ahorro_eficiencia3	0.00128628642090203	0.0016107660430739	0.00040954667419856
Visa_cconsumos_ratioavg3	0.00127965721103202	0.00121086731066552	0.0023035038993237
Master_fultimo_cierre_eficiencia3	0.00127754291541895	0.00262306735632491	0.00342858039511055
Visa_mpagominimo_tend3	0.00126571944403108	0.00274355820424545	0.00211363743350751
Visa_Finiciomora_avg3	0.00126448609459578	0.00232116266756006	0.000335796889955907
cliente_edad_avg3	0.00126232104155125	0.00378882963271913	0.0043104395173312
ctarjeta_visa_transacciones_avg3	0.00125036218344327	0.000859658932089085	0.00149853285003688
mcuenta_debitos_automaticos	0.00123750322486021	0.00401634060082392	0.00164917070721336
Visa_status_max3	0.00123747696632712	0.000592924218142869	0.000280876837860315
ctrx_quarter_eficiencia3	0.00122875845581051	0.0012515704215334	0.00361217028354438
mpayroll_sobre_edad_eficiencia3	0.00119876308335425	0.00386331234135376	0.00177470225486042
Visa_mpagospesos_max3	0.00118990704575146	0.00123360872590087	0.00227525930110311
Visa_mpagominimo_min3	0.00117788996944336	0.00300907215238885	0.00311318238164729
ccaja_ahorro_tend3	0.00115200573667355	0.00211035357517865	0.000255770528330901
mactivos_margen_tend3	0.00114985736989264	0.00258032662147935	0.00320262360934582
Visa_msaldototal_min3	0.00114582365675987	0.00134855199736093	0.00201478133973544
mpayroll_sobre_edad_min3	0.00113337425836896	0.00146899864801497	0.000841061369235356
mpayroll_eficiencia3	0.00112785512872531	0.00352621959193232	0.00167113872805159
ccaja_ahorro_ratioavg3	0.00112643524569424	0.0062599228230763	0.000519386778389744
mtarjeta_visa_consumo_avg3	0.0011120987975313	0.000687337604980848	0.00108741703149273
Visa_msaldototal_ratioavg3	0.00111125073944828	0.00192765312477772	0.00247610977733842
ctrx_quarter_normalizado_eficiencia3	0.00110678721834019	0.00121524038150558	0.00350860675673555
numero_de_cliente	0.00110220722975974	0.00326173789299018	0.0044861836840371
Visa_fultimo_cierre_avg3	0.00109698538479991	0.00135297019801851	0.00257496587111048
ccaja_seguridad	0.0010958651644014	0.00608881107115864	0.000632365171272105
mautoservicio	0.00109534369635921	0.00248629529796816	0.00157855921166188
mpayroll_tend3	0.0010797210264676	0.00293700056854479	0.00126943777558098
ctarjeta_master_ratioavg3	0.00107220713674799	0.000223561190650227	0.000117685825919126
mpayroll_max3	0.00106747123505795	0.00193185113035821	0.00124276232170597
mtarjeta_master_consumo	0.00106500493442427	0.00232354496804638	0.00111095419667655
mtransferencias_recibidas_avg3	0.00106069354856473	0.00098020025080117	0.00193475497811044
ccaja_ahorro_avg3	0.00105011067276161	0.00158104911795331	0.000800263616250059
mpayroll_sobre_edad_tend3	0.00104732058071843	0.00284615300247342	0.00129925151814715
Visa_fechaalta_ratioavg3	0.00104553457224601	0.00141326459503687	0.00300177313311052
Master_fultimo_cierre_avg3	0.001043713289079	0.00128824180349348	0.00284956613158845
Visa_msaldototal_avg3	0.00103173826119862	0.00107450314447289	0.00178882455397072
chomebanking_transacciones_eficiencia3	0.00102836586825666	0.00100138125384874	0.00368278177909586
mrentabilidad_min3	0.00102795913865701	0.00197418809887143	0.00259850303629431
Master_Fvencimiento	0.00102658450071752	0.00123663615387886	0.00371259552166204
mrentabilidad_max3	0.00102303759816214	0.00107176655937651	0.00277581634734579
mcuentas_saldo_eficiencia3	0.00101774368890245	0.00121008026586416	0.00370318065558851
mcaja_ahorro_dolares_eficiencia3	0.00100053696429937	0.00270404101568321	0.00282445982205903
ctarjeta_visa_eficiencia3	0.000998474480731064	0.000565942889049402	0.000373456354250027
chomebanking_transacciones_max3	0.000998353610727833	0.00134361936765003	0.00306296976258846
mrentabilidad_annual_min3	0.000995141997660418	0.00159532935649281	0.00265028479969872
mtransferencias_emitidas_eficiencia3	0.000992705644496377	0.00363822210614096	0.00278523121341932
Visa_msaldopesos_min3	0.000984672590272584	0.00138926870086639	0.00192377096769132
cproductos_max3	0.000983984509578795	0.00150255782463165	0.00186571262690455
mcaja_ahorro_eficiencia3	0.000968299705632987	0.00106698754625173	0.00352429820019144
Visa_fechaalta_eficiencia3	0.00096665019722458	0.00142799712082084	0.00339562836385319
Visa_fultimo_cierre_min3	0.000962889116810609	0.000928738214043556	0.00185002118344867
cmobile_app_trx_avg3	0.000962245070360537	0.000961273449640789	0.0025859498815296
cliente_antiguedad	0.000935893241344929	0.00233920699286474	0.0033815060647429
Master_fechaalta_ratioavg3	0.000924380260624263	0.00163736155037738	0.00313044296944876
Visa_Finiciomora_tend3	0.000921704905594425	0.000821722530541438	0.00015220700152207
mrentabilidad_eficiencia3	0.000914244713891325	0.000872580359015758	0.00310219837122817
Master_mfinanciacion_limite	0.000913885303211686	0.00144445438558589	0.00294214564797816
cmobile_app_trx_max3	0.000907851062742755	0.00100895811784597	0.00264243907797078
Visa_Fvencimiento_eficiencia3	0.000907135164280612	0.00153675763553963	0.00335483061086789
Visa_Finiciomora_ratioavg3	0.000903531469045399	0.00142539301448748	0.000287153415242668
cliente_antiguedad_eficiencia3	0.000893473762605445	0.0014552038164107	0.00341916552903702
Visa_fechaalta_min3	0.000893037660228345	0.00134802643421362	0.00263459335624284
Master_msaldototal	0.000885533385752465	0.00209589911915323	0.00180137770873543
Visa_Fvencimiento	0.000884870316036137	0.000976556406599264	0.00299706570007375
Master_mpagominimo	0.000880050361221541	0.00303716479970639	0.00198810588586044
thomebanking_ratioavg3	0.000876601028651721	0.00145232223376034	0.00144675108663246
Visa_cconsumos	0.000875562447510441	0.000748286850628771	0.00162092610899277
Visa_mlimitecompra	0.00086494500796189	0.00105186171001049	0.00259536474760313
mrentabilidad_annual_eficiencia3	0.000860955814305978	0.00137449952300144	0.00350860675673555
mcomisiones	0.000860653603775709	0.00102417944165979	0.00254985956158107
Visa_fechaalta_avg3	0.000856212665427597	0.00149959344275441	0.00258438073718401
mcomisiones_otras_eficiencia3	0.000855315400527512	0.000945634908152653	0.00295783709143404
chomebanking_transacciones_ratioavg3	0.000852961164043504	0.000955230095147377	0.0033140328578826
chomebanking_transacciones_avg3	0.000849890979738041	0.00112154316559148	0.00274129517174285
ctransferencias_recibidas_eficiencia3	0.000849780207155483	0.00100992587973128	0.00339249007516201
thomebanking_eficiencia3	0.000843815275927306	0.00139867124542778	0.00244786517911783
Visa_msaldototal_max3	0.000837783726848425	0.00108699698262755	0.0020477333709928
Master_Fvencimiento_eficiencia3	0.000829377719420483	0.000961892889590735	0.00325126708405906
mttarjeta_visa_debitos_automaticos_eficiencia3	0.000826181259930702	0.00126547735707387	0.00270363570744873
Master_fultimo_cierre_min3	0.000822409463569155	0.000999660075517019	0.00193789326680161
mcomisiones_otras	0.000817984750417484	0.000938247295494143	0.00241962058089724
Master_delinquency	0.00080622394360879	0.00124675503891886	0.000343642611683849
mpasivos_margen_ratioavg3	0.000801117044489464	0.00108459916788335	0.00290448618368404
chomebanking_transacciones	0.000789696320796103	0.00226480380539887	0.00237411539487517
mpayroll_sobre_edad_max3	0.000785238120804863	0.00135594904856612	0.00115018280531626
Visa_mpagospesos_tend3	0.000783701323129377	0.00324549980597384	0.00255613613896342
mcaja_ahorro_dolares_tend3	0.000783267246028976	0.0021864628506052	0.00154560718040453
mcomisiones_eficiencia3	0.000782997199224283	0.000792403861224433	0.0027350185943605
mrentabilidad_annual_ratioavg3	0.000777887700100588	0.00101332177839847	0.00282289067771344
cproductos_eficiencia3	0.000777489945978532	0.000815669285355395	0.00142007563275746
mrentabilidad_avg3	0.000775862145620241	0.00116803202079841	0.00225799871330164
cmobile_app_trx_eficiencia3	0.000774539075818554	0.00118256464155474	0.00253730640681636
Master_fechaalta_avg3	0.00077349226416972	0.00121394645283642	0.00256241271634578
Master_fechaalta_min3	0.000773051349509758	0.00105742516809742	0.00260634875802225
Master_msaldopesos	0.000771742490433223	0.00206046766268054	0.00156757520124276
Visa_Fvencimiento_min3	0.00077166072215471	0.00116471880832161	0.00285113527593403
ctarjeta_master_transacciones_ratioavg3	0.000771429399777418	0.00197066687099903	0.000899119710022125
Visa_msaldopesos_avg3	0.000763515186586577	0.000891173335170267	0.00161151124291924
cpayroll_trx_avg3	0.000761299469620355	0.000743268256669341	0.000481727314095624
cliente_antiguedad_min3	0.000757372432905885	0.00240100697937457	0.0027350185943605
mtransferencias_recibidas_eficiencia3	0.00075666302152665	0.000976898963673773	0.00305041660782375
Visa_fechaalta_max3	0.000754741445810709	0.00139079305441475	0.00228781245586782
Visa_mpagominimo_ratioavg3	0.00075173658234375	0.00320781623878898	0.00264086993362519
Master_fechaalta_eficiencia3	0.000751410716178968	0.0012613826668427	0.0030033422774561
Visa_Fvencimiento_max3	0.000749474944507589	0.00102085461468393	0.00281975238902227
Visa_Fvencimiento_avg3	0.000748921289191199	0.00100230442283984	0.00275384832650756
ccomisiones_mantenimiento	0.000745686176437339	0.00215606408939372	0.000706114955514758
cmobile_app_trx	0.000744577109673503	0.000993374088203797	0.0020885311239781
mpasivos_margen_eficiencia3	0.000744483403789213	0.00134660760022608	0.00324185221798553
Visa_fultimo_cierre	0.000742955336779207	0.000523720793866313	0.00175273423402219
ctarjeta_visa_transacciones_eficiencia3	0.000742242637207516	0.00106454157796398	0.00269265169702961
Visa_msaldopesos_max3	0.000737550119535945	0.00095311973219017	0.00197084529805897
ctarjeta_visa_debitos_automaticos_eficiencia3	0.000735875699619116	0.00121718904576783	0.00257182758241931
Visa_mpagominimo_eficiencia3	0.000731715695316678	0.00123492432931646	0.00285898099766197
mrentabilidad_annual_tend3	0.000731231875081203	0.00111672766994046	0.00267225282053696
cmobile_app_trx_tend3	0.000724700897070473	0.00070268552966035	0.00174175022360307
Master_Fvencimiento_ratioavg3	0.000722579108249685	0.000974536077204125	0.00284799698724286
cmobile_app_trx_min3	0.000716228838327717	0.00136457842355495	0.00181236171915455
ctransferencias_emitidas_eficiencia3	0.000716156480933748	0.00079553175038044	0.00229722732194135
ccuenta_debitos_automaticos_ratioavg3	0.000713031697297108	0.00202840164154174	0.00158012835600747
Visa_cconsumos_max3	0.000712690093751107	0.00224237968358313	0.00255456699461784
Master_Fvencimiento_min3	0.000712306630946631	0.00117621334741103	0.00281818324467668
kmes_min3	0.000711946846839029	0.000636415345708814	0.00188768064774279
ctarjeta_visa_debitos_automaticos_ratioavg3	0.000709493325364866	0.000925012361870175	0.00169938332627218
mpayroll_sobre_edad_avg3	0.000709008289968628	0.00110014533030231	0.000877151689183888
Visa_Fvencimiento_ratioavg3	0.000707073728146316	0.000935952513508042	0.0027350185943605
kmes	0.000704020363686372	0.000650056645504324	0.00205087165968397
kmes_avg3	0.000701185329121145	0.000637153021824388	0.00182334572957366
Master_Fvencimiento_avg3	0.000699471773462994	0.00103106681134413	0.00279150779080168
mcomisiones_mantenimiento_avg3	0.000699394598986351	0.00304560650586731	0.00195515385460308
cpayroll_trx_eficiencia3	0.000698246554676556	0.000998124107469602	0.00101523639159566
ccomisiones_otras_eficiencia3	0.000697439730275381	0.0008342700327684	0.00308650692777229
mcomisiones_min3	0.000691015712045021	0.000702229427434432	0.00183119145130161
Master_fechaalta_max3	0.000690575746128145	0.00119435361243423	0.00250435437555901
mrentabilidad_tend3	0.000689955721040612	0.00116682789961833	0.00230664218801488
cliente_antiguedad_max3	0.000689464741574367	0.00197559122078725	0.00239137598267665
mcomisiones_max3	0.000683423364146203	0.000842320887015652	0.00245571090084577
Master_status_max3	0.000682543936674854	0.000333027957341145	0.0001616218675956
Visa_mpagado_eficiencia3	0.000681122433614626	0.00174060904954165	0.00193632412245602
Visa_mfinanciacion_limite_min3	0.000680229458562355	0.00110058885721903	0.00217797235167663
mtarjeta_visa_consumo_min3	0.000676836976971901	0.000837648241225347	0.00127885264165451
Master_Fvencimiento_max3	0.000676300048711448	0.00115173902630841	0.00271305057352226
mtransferencias_recibidas_ratioavg3	0.000676035010841632	0.000773634576408988	0.00281033752294874
thomebanking	0.000666012705291682	0.00103110792836635	0.00101680553594125
mcaja_ahorro_dolares	0.000662615490467258	0.00260117427992612	0.00211677572219869
mcomisiones_otras_max3	0.000657730933745157	0.000798570171156815	0.00225329128026487
ctarjeta_debito_transacciones_ratioavg3	0.000652418194148407	0.00150722544029828	0.00235842395141929
mcuenta_debitos_automaticos_ratioavg3	0.000647670940377456	0.00160353114270962	0.00195515385460308
ctarjeta_debito_transacciones	0.000645072547764812	0.000594801923750263	0.00111095419667655
mcomisiones_otras_avg3	0.000639355034388286	0.00074469005786467	0.0022219083933531
mcomisiones_otras_min3	0.000631915335220362	0.000718255118891284	0.00169153760454424
Master_mlimitecompra	0.000626454102740377	0.00104322614627399	0.00248081721037518
mttarjeta_visa_debitos_automaticos_tend3	0.00062223033389021	0.0025249402404768	0.00139496932322804
mpayroll_avg3	0.000619447517974532	0.00155007265551479	0.000977576927301542
cliente_antiguedad_ratioavg3	0.000618885404542428	0.00154450187831531	0.00239137598267665
mrentabilidad_ratioavg3	0.000616096929430815	0.000701417571124123	0.0022893816002134
Visa_cconsumos_eficiencia3	0.000614553265643636	0.000785108684153344	0.00232390277581635
ccaja_seguridad_ratioavg3	0.000612293438811272	0.00172697051914008	0.000307552291735317
mtransferencias_emitidas_max3	0.000610446098208812	0.00141511873253668	0.00218738721775016
mcomisiones_ratioavg3	0.000601658386386942	0.000653088397127954	0.0022768284454487
ccomisiones_mantenimiento_avg3	0.00060126402753794	0.00241577488557905	0.000955608906463306
Visa_mfinanciacion_limite_max3	0.000600629437060881	0.000929924108090065	0.00210422256743398
Visa_mfinanciacion_limite_avg3	0.00059614488791606	0.00102674262878479	0.00199595160758838
tcallcenter_ratioavg3	0.000594900333814124	0.00076017187426328	0.000659040625147107
mcomisiones_otras_ratioavg3	0.000593265448958593	0.000601814198752972	0.00213717459869133
Visa_mpagospesos_eficiencia3	0.000589318482567852	0.00095209155230245	0.00247767892168401
mtransferencias_recibidas_max3	0.000587712098737035	0.00076212972274011	0.0020210579171178
Visa_delinquency_max3	0.000586949361161982	0.000400466175574209	0.000382871220323558
kmes_ratioavg3	0.000586512957821634	0.000614990777290414	0.00174959594533101
ctarjeta_visa_transacciones_tend3	0.00058599309819429	0.000818515798435598	0.00124119317736039
cliente_antiguedad_avg3	0.000585818791773362	0.00209649934290035	0.00210422256743398
Visa_mlimitecompra_min3	0.000585081169473206	0.00119955323432794	0.00207911625790456
Visa_fultimo_cierre_max3	0.000584117693917285	0.000848559455522487	0.00155972947951482
Visa_delinquency_ratioavg3	0.000583923068613261	0.00074093837685396	0.000345211756029437
Visa_msaldopesos_eficiencia3	0.000581427444160286	0.000812461083775221	0.00229565817759576
mautoservicio_ratioavg3	0.000580183653166417	0.000835766240231439	0.00197241444240456
mcomisiones_avg3	0.000575098116983176	0.000736278136818126	0.00206656310313986
ctransferencias_recibidas_ratioavg3	0.000570645941656998	0.000683692121749877	0.00241334400351488
ccallcenter_transacciones_ratioavg3	0.00056788376962944	0.00101319690133922	0.000836353936198591
mpasivos_margen_min3	0.00056463400306391	0.000948132873224525	0.00178411712093395
mtransferencias_recibidas_min3	0.000554174706231589	0.00261781661367986	0.00137770873542657
kmes_max3	0.000546866238655321	0.000466846174473076	0.00162877183072071
ccomisiones_otras_avg3	0.000546800713502975	0.00095557129578404	0.0021418820317281
thomebanking_avg3	0.000539223273321925	0.000521936880284186	0.00112193820709567
ccallcenter_transacciones_eficiencia3	0.00053420590416702	0.000749210019619867	0.001562867768206
ctarjeta_debito_eficiencia3	0.000534089036536717	0.00683127770131977	0.000724944687661818
Master_mfinanciacion_limite_min3	0.000532519943144922	0.000740951658641207	0.00203674936057368
active_quarter	0.000531803843374858	0.00031715729542651	0.000381302075977969
Master_mfinanciacion_limite_max3	0.000529986383952122	0.000818931659672067	0.00211049914481633
cmobile_app_trx_ratioavg3	0.000528432862954033	0.000679448195096462	0.00176999482182366
Visa_msaldopesos_tend3	0.000524472968041693	0.00127989547186865	0.0017778405435516
mcaja_ahorro_dolares_avg3	0.000518808675063053	0.00105317451577302	0.00177940968789719
Visa_Finiciomora_min3	0.000518194179190146	0.00102867959377061	0.000185159032779425
Visa_mconsumospesos_eficiencia3	0.000517555102111736	0.000607225679282845	0.00217640320733104
Visa_mconsumospesos_max3	0.000515323110859828	0.000975290256646832	0.00200222818497074
Visa_msaldototal_eficiencia3	0.000513933839648736	0.00070505861767297	0.00207283968052221
Master_mlimitecompra_min3	0.00051183202196055	0.000702260342913686	0.0020336110718825
Visa_cconsumos_avg3	0.000511740216645889	0.00142976167690454	0.00192847840072808
mcomisiones_mantenimiento_min3	0.000510565236300399	0.00124733387051077	0.00135103328155157
mcaja_ahorro_dolares_max3	0.000508603031435848	0.000967553502538432	0.00182805316261043
chomebanking_transacciones_tend3	0.000507037222633611	0.00473233216405869	0.00157855921166188
Visa_cconsumos_tend3	0.000506978394384869	0.00125592973018114	0.00141066076668393
mtransferencias_emitidas_ratioavg3	0.000506743148530435	0.000951429215005606	0.00180608514177219
mcomisiones_tend3	0.000504887800450541	0.000594680296490018	0.00170722904800013
Visa_mconsumospesos_min3	0.000504390393698791	0.000730180948697678	0.00195672299894867
Visa_mlimitecompra_avg3	0.000499310105307212	0.000890363654812337	0.00171978220276483
mpasivos_margen_tend3	0.000498628005272266	0.000952649217812132	0.00166329300632365
Visa_msaldototal_tend3	0.000498504599893421	0.00119197487259725	0.00171978220276483
mautoservicio_eficiencia3	0.000497720872488267	0.000756773149683903	0.00219680208382369
Master_mfinanciacion_limite_avg3	0.000495000994044212	0.000806185467559701	0.00186100519386778
mtarjeta_visa_consumo_eficiencia3	0.000491630526932254	0.000736519921864282	0.00214502032041928
mcuenta_debitos_automaticos_min3	0.00049031891057396	0.0014880408594288	0.00131494296160304
Visa_mconsumospesos_ratioavg3	0.000485319216485406	0.000640699654647287	0.00186885091559573
mplazo_fijo_dolares_ratioavg3	0.000482713099005348	0.00377403835622093	0.000547631376610335
ccaja_seguridad_min3	0.000481825154219176	0.00100070591735587	0.000199281331889721
ctransferencias_recibidas_avg3	0.000481651070361824	0.00135958433025412	0.00178568626527954
tcallcenter_eficiencia3	0.000481402988320163	0.000764553507617247	0.0013070972398751
Visa_mconsumospesos_tend3	0.000475486308062029	0.000764578432162678	0.00194573898852955
mtarjeta_visa_consumo_tend3	0.000475239310065002	0.000579156600072894	0.0011046776192942
Master_status_eficiencia3	0.000474824259989817	0.000394557023650245	0.000112978392882361
Visa_mpagospesos_min3	0.000471956179117051	0.000825221857594438	0.00186728177125014
ctarjeta_debito_transacciones_eficiencia3	0.000471657000381732	0.000770842688211232	0.00216385005256634
ccallcenter_transacciones_tend3	0.000470134721246266	0.00214667022038273	0.000621381160852987
Master_mlimitecompra_max3	0.000468947018352368	0.000801354711982902	0.00178568626527954
Visa_delinquency_eficiencia3	0.000465270288174919	0.00131554045426569	0.000536647366191216
mcomisiones_otras_tend3	0.000464739174305101	0.000649543375074997	0.00166329300632365
mextraccion_autoservicio_eficiencia3	0.000460462016113773	0.000921227476391345	0.00195044642156632
Master_fultimo_cierre_max3	0.000459579043100319	0.000957677222059123	0.00144832023097805
Visa_mconsumospesos_avg3	0.000453616729965257	0.000830095482259013	0.00178568626527954
Visa_mpagospesos_avg3	0.000449664486342811	0.000695434521596641	0.00164446327417659
Visa_mlimitecompra_max3	0.000447201656932178	0.000828062605813793	0.00154717632475011
ctarjeta_master_tend3	0.000445000478914623	0.000110525720762282	3.1382886911767e-05
active_quarter_ratioavg3	0.000440728050225247	0.00028019029479323	0.000389147797705911
ctarjeta_visa_avg3	0.000436326605938953	0.000415705330893888	0.00014279213544854
Master_fultimo_cierre_ratioavg3	0.000435898413903624	0.000594342091320267	0.00189238808077955
active_quarter_avg3	0.000433499237265447	0.000222087477448145	0.000351488333411791
mpagomiscuentas_ratioavg3	0.000432227968021035	0.00137097371715131	0.00139967675626481
mcuenta_debitos_automaticos_eficiencia3	0.000431658317899526	0.000829368205500263	0.00176057995575013
mtransferencias_emitidas_avg3	0.000424455443236072	0.000972408250109643	0.00156757520124276
ctarjeta_master	0.000423007097964341	0.000146745889324523	0.00018986646581619
mcaja_ahorro_dolares_min3	0.000421526410185605	0.000817067122815434	0.00161464953161041
chomebanking_transacciones_min3	0.000420689324266314	0.000778691235405489	0.00147342654050746
ccajas_transacciones_ratioavg3	0.000419487308692731	0.001933347281303	0.0010105289585589
Master_fultimo_cierre	0.000416780243123186	0.000607577533608427	0.00171193648103689
ctransferencias_recibidas_max3	0.000415454444013292	0.00235665016187128	0.00143419793186775
ctarjeta_visa_transacciones_max3	0.000415245980101816	0.000633218476036484	0.0013070972398751
cpayroll_trx_max3	0.000413549778089164	0.000404968673192132	0.000315398013463259
mttarjeta_visa_debitos_automaticos_max3	0.000411127544662142	0.000962586340180685	0.0015754209229707
ccajas_consultas_ratioavg3	0.000406893999075871	0.00195978137250273	0.000754758430227997
Master_delinquency_ratioavg3	0.000404243870716395	0.000901725376029277	0.000178882455397072
tmobile_app_avg3	0.000402130070850117	0.000330171666604797	0.00094148660735301
Visa_status_ratioavg3	0.000399436221485196	0.00195827442657341	0.000205557909272074
cextraccion_autoservicio_eficiencia3	0.000399094851552294	0.000600281508763684	0.00173547364622072
Master_mlimitecompra_avg3	0.000398316684806139	0.000600662328689116	0.00156757520124276
Visa_fultimo_cierre_ratioavg3	0.00039032863484813	0.000477792938745445	0.00166329300632365
Visa_mconsumototal_eficiencia3	0.000389683053733215	0.000522228994826275	0.00164760156286777
ctransferencias_emitidas_ratioavg3	0.000387950498539114	0.000659817685284916	0.00156914434558835
matm_eficiencia3	0.000387260082485766	0.00072796484010668	0.00173547364622072
catm_trx_eficiencia3	0.000386077684034393	0.000617892649990232	0.00171507476972807
mtarjeta_master_consumo_ratioavg3	0.000385722839234655	0.000943469920312999	0.000772019018029469
ccajas_transacciones_eficiencia3	0.000383392457187219	0.00107817004811819	0.00142007563275746
cextraccion_autoservicio_ratioavg3	0.000383281134448717	0.000749084266527839	0.00134318755982363
Visa_mconsumototal_ratioavg3	0.000382918582253946	0.000448996356703771	0.00128983665207362
tmobile_app_eficiencia3	0.000382832332515917	0.000772021941364117	0.00125374633212509
tmobile_app	0.000368524818050267	0.000327911275969932	0.000701407522477993
mcuenta_debitos_automaticos_avg3	0.000361308071146833	0.00083413580193983	0.00108584788714714
ccomisiones_otras_ratioavg3	0.000359409022998781	0.000486915068041169	0.00156914434558835
Master_mpagominimo_tend3	0.000358136546738405	0.00208482713871215	0.000933640885625069
mextraccion_autoservicio	0.000357643133292869	0.000379127430108728	0.000765742440647115
thomebanking_max3	0.000357315194140089	0.000404177276486008	0.000542923943573569
Master_mpagominimo_max3	0.000357190949520839	0.000932318616517012	0.00105446500023537
mttarjeta_visa_debitos_automaticos_avg3	0.000356931496800925	0.000583461538170285	0.00138241616846334
Visa_mconsumototal_max3	0.000356666110781916	0.000712214449014443	0.00142478306579422
ctarjeta_visa_transacciones_min3	0.000356252052470054	0.000743565486112476	0.00127257606427215
Visa_mconsumosdolares_eficiencia3	0.000355513893816084	0.000857162832119253	0.00153148488129423
ccheques_emitidos_rechazados_avg3	0.000354441453477036	0.00351980601468415	0.000298137425661787
ccuenta_debitos_automaticos_eficiencia3	0.000352761688376938	0.000670510315274901	0.00140595333364716
Visa_mconsumototal_avg3	0.000352405574563522	0.000699735023011908	0.00138084702411775
cpagomiscuentas_eficiencia3	0.000352071829604836	0.000866878176899887	0.00165073985155895
cprestamos_hipotecarios_eficiencia3	0.000351948673714711	0.00156443668235044	0.000203988764926486
Master_status_avg3	0.000349099507983136	0.000188197075664797	0.000145930424139717
ctarjeta_master_eficiencia3	0.000345482046425467	0.000291041430197415	0.000254201383985313
cplazo_fijo_ratioavg3	0.00034488596362694	0.00151011937218487	0.000338935178647084
Visa_fechaalta_tend3	0.000339605433978396	0.000343430592223176	0.000613535439125045
mplazo_fijo_dolares	0.000338069454084287	0.00272483947499891	0.000440929561110327
mtransferencias_emitidas	0.000336969422225499	0.00104335014730046	0.00142635221013981
cpagomiscuentas_ratioavg3	0.000336376003591583	0.000856424477784755	0.00131337381725745
ctransferencias_emitidas_avg3	0.000336053700324651	0.00187760941334346	0.00142007563275746
ccomisiones_otras_max3	0.000332207432969516	0.000702007762883001	0.00139496932322804
Visa_mconsumosdolares_max3	0.000331682205065987	0.00086248182054346	0.00139653846757363
active_quarter_min3	0.000330928013035581	0.00020100947889955	0.000403270096816206
Visa_mconsumosdolares	0.000330734536585978	0.00051797834250187	0.00126473034254421
ctransferencias_emitidas_max3	0.000329373080368292	0.0015542988071806	0.00119725713568391
mpagomiscuentas_eficiencia3	0.000328285625701694	0.000627645748957597	0.00153148488129423
ccaja_ahorro_min3	0.00032722964404898	0.000566958352332309	0.000488003891477977
Visa_mfinanciacion_limite_eficiencia3	0.000323490013498656	0.00042535813823797	0.000925795163897127
Master_mpagospesos	0.000323150775557373	0.000477984309518303	0.000841061369235356
cplazo_fijo	0.000320277298495322	0.00549447830534857	0.000451913571529445
Visa_mconsumototal_min3	0.000316565049232695	0.000642550909716673	0.00123491659997803
mpagomiscuentas_avg3	0.000316310829737774	0.000717051421598039	0.00114390622793391
ccallcenter_transacciones_avg3	0.000316281627382247	0.000731217606321939	0.000781433884102999
Master_mlimitecompra_eficiencia3	0.000315773698776668	0.000687356227742117	0.000980715215992719
Visa_mconsumototal_tend3	0.000315683425521436	0.000564674280553373	0.00132592697202216
Visa_cconsumos_min3	0.000312528190417449	0.000784041082790707	0.00118156569222803
active_quarter_eficiencia3	0.000312369631746175	0.000433564361136901	0.000666886346875049
Master_status_ratioavg3	0.000310216741039112	0.000398730104685297	6.74732068602991e-05
mttarjeta_visa_debitos_automaticos	0.00030373763588314	0.000449294716511778	0.00132278868333098
Master_mpagominimo_avg3	0.000303444403397112	0.000649140089147731	0.00105446500023537
ccajas_consultas	0.000301883255492267	0.00368292196112383	0.000707684099860346
ctarjeta_visa_debitos_automaticos_avg3	0.000300684668077467	0.000727400025039181	0.00111095419667655
Master_msaldopesos_ratioavg3	0.000298977797424747	0.000791420076417068	0.000790848750176529
ccallcenter_transacciones_max3	0.000296536810767487	0.000810109868322877	0.000812816771014766
tmobile_app_tend3	0.000296265676760777	0.000636631217140275	0.000651194903419166
ccomisiones_otras	0.000292309409237051	0.000389704904177362	0.0011454753722795
Master_msaldototal_max3	0.000292273619175869	0.000579986598739402	0.0010105289585589
mprestamos_hipotecarios_eficiencia3	0.000291333986876232	0.00270618034424026	0.000238509940529429
mpagomiscuentas_max3	0.000291164967203346	0.000713252576113038	0.00108270959845596
Visa_mconsumosdolares_avg3	0.000284483347872436	0.00050891688554066	0.00121451772348538
Master_msaldopesos_max3	0.000282928355354848	0.000556729341494642	0.00093207174127948
cextraccion_autoservicio	0.000282765687330258	0.000264781754297458	0.000464466726294152
mcuenta_debitos_automaticos_max3	0.00028048330972998	0.000777059695008131	0.00109212446452949
Master_msaldototal_ratioavg3	0.000280044348138601	0.000660764704974815	0.000803401904941236
Master_mfinanciacion_limite_eficiencia3	0.000277278320901367	0.000412083754879964	0.00100268323683096
ccomisiones_otras_min3	0.000271141489753787	0.00046023681802905	0.000947763184735364
ccallcenter_transacciones	0.000270704888558267	0.00179211316413164	0.00061824287216181
ccajas_consultas_avg3	0.000270525564914744	0.00227424164560338	0.000870875111801535
ccuenta_debitos_automaticos_tend3	0.000269986729057269	0.00285758302598776	0.000469174159330917
Visa_mlimitecompra_eficiencia3	0.00026956393154678	0.000645950482069704	0.000867736823110358
Master_delinquency_avg3	0.000267229327179754	0.000831509964341795	0.00018986646581619
ctarjeta_debito_avg3	0.000267072240871372	0.000440586724646094	0.00104348098981625
ccaja_seguridad_avg3	0.000265703775136715	0.000685595317085139	0.000178882455397072
mautoservicio_max3	0.000265305078394793	0.000628365960935895	0.00122079430086774
mautoservicio_avg3	0.000265057334446013	0.000827775351840655	0.00113762965055155
Visa_mfinanciacion_limite_ratioavg3	0.000264953251552063	0.000300949360893144	0.000389147797705911
Visa_mpagado_avg3	0.000263349677226303	0.000604810880806442	0.000961885483845659
ccajas_consultas_max3	0.000262049204727612	0.00318335847753174	0.000826939070125061
ccajas_consultas_eficiencia3	0.000261566463794127	0.000826537687083001	0.00104661927850743
ccomisiones_mantenimiento_max3	0.000260542158487097	0.00143584326598975	0.000500557046242684
Master_delinquency_max3	0.000254370003363474	0.000697638563542628	0.000155345290213247
mextraccion_autoservicio_ratioavg3	0.000254367374477106	0.00053255352149564	0.00110624676363979
cliente_edad_eficiencia3	0.000253545309618047	0.000653440449267389	0.00122707087825009
Master_msaldototal_min3	0.000253294874528259	0.000730538991770935	0.000801832760595647
cpayroll_trx_tend3	0.000251181281502385	0.000400287012741971	0.000258908817022078
Visa_mconsumosdolares_ratioavg3	0.000250895106828461	0.000667705597435846	0.00110938505233096
Visa_delinquency_tend3	0.000250499106646022	0.000346806172581796	0.0001616218675956
Master_msaldototal_eficiencia3	0.00024823064996165	0.00059383305975921	0.00105603414458096
Master_msaldopesos_min3	0.000247385440978451	0.00141153838658147	0.000811247626669177
tmobile_app_ratioavg3	0.000246709196656092	0.00336289927552375	0.000666886346875049
Visa_fultimo_cierre_tend3	0.000242727299024123	0.000361099608131179	0.000842630513580944
mtransferencias_recibidas_tend3	0.000242480756423462	0.000539757930267495	0.00103406612374272
Visa_Fvencimiento_tend3	0.000241926425411838	0.000313899357791961	0.000575875974830925
internet_min3	0.000240087259428639	0.000228058884217443	0.000480158169750035
mttarjeta_visa_debitos_automaticos_min3	0.000239738273536325	0.000347247071400183	0.00102935869070596
Visa_mpagado_max3	0.000235484182051505	0.000466394848038743	0.000905396287404478
ctarjeta_debito_transacciones_max3	0.000235048037957534	0.000434679720415386	0.00104034270112508
ctarjeta_debito_transacciones_avg3	0.000234333733219053	0.000378930690102728	0.00107957130976479
ccajas_extracciones_eficiencia3	0.000233748219816614	0.0016309301981416	0.000949332329080952
tcallcenter_max3	0.000231309969542922	0.00022931570865968	0.000401700952470618
Master_mpagospesos_tend3	0.000231221667470315	0.00129150033456959	0.00072337554331623
mextraccion_autoservicio_max3	0.000230002290758281	0.000553342711819397	0.000971300349919189
Master_fechaalta_tend3	0.00022677240320388	0.000308717652181477	0.000633934315617694
Master_msaldopesos_eficiencia3	0.000226570952352475	0.000486881948350414	0.000983853504683896
mextraccion_autoservicio_avg3	0.000225132478492647	0.000351093590023668	0.000853614524000063
Master_fultimo_cierre_tend3	0.000223122455704688	0.000689617127041174	0.000916380297823597
cdescubierto_preacordado_max3	0.000221488013962123	0.000118880417087171	0.000205557909272074
Visa_status_eficiencia3	0.000220172868494896	0.000916547059342544	0.00018986646581619
mprestamos_hipotecarios_max3	0.000218049566410961	0.00280510614764792	0.000222818497073546
catm_trx_other_eficiencia3	0.00021719353449684	0.000432455049310482	0.000968162061228012
ctarjeta_visa_debitos_automaticos_tend3	0.000215857299853023	0.000569300411829188	0.00045662100456621
Master_Fvencimiento_tend3	0.000215068825250778	0.000277025018819077	0.000624519449544164
ctarjeta_visa_debitos_automaticos_max3	0.000214886003739322	0.000583382864775182	0.000844199657926533
mcuenta_debitos_automaticos_tend3	0.000213921166686679	0.00123173291365464	0.000717098965933876
matm_max3	0.000212652927802104	0.000484696726979548	0.000917949442169185
Master_mpagospesos_ratioavg3	0.00021262396455947	0.0018816062139767	0.000649625759073577
Master_msaldototal_avg3	0.000211880784471529	0.000338635951804043	0.0007139606772427
mtransferencias_emitidas_min3	0.000211422377097345	0.00146635817219184	0.000883428266566241
ctarjeta_master_transacciones	0.00021079761410285	0.000517362519719516	0.000417392395926501
Master_msaldopesos_avg3	0.000210572995362501	0.000361526264352177	0.000718668110279465
ccajas_consultas_tend3	0.000210167291020707	0.00247509643407018	0.000373456354250027
ctransferencias_recibidas	0.000209933777784853	0.000583701486373523	0.000759465863264762
Master_mconsumospesos	0.000207269479435385	0.000319892834935389	0.00058999827394122
ctarjeta_master_transacciones_eficiencia3	0.000201549810210772	0.000537243405350246	0.000826939070125061
mtransferencias_emitidas_tend3	0.000200819749109653	0.000707519817627375	0.000815955059705942
tmobile_app_max3	0.000199624991349117	0.000212930024250166	0.000506833623625037
mtarjeta_master_consumo_max3	0.00019642442024624	0.000433131007504035	0.000491142180169154
ctarjeta_debito_max3	0.000195751846999199	0.000317998145595791	0.000720237254625053
matm_other_eficiencia3	0.000194769127606933	0.000393415665979699	0.00095090147342654
Visa_mpagado_ratioavg3	0.000190322618296768	0.000529043484235477	0.000768880729338292
catm_trx_ratioavg3	0.000190278931904248	0.00039110195038199	0.000968162061228012
ctarjeta_debito_transacciones_tend3	0.00018916548505652	0.000716541033599136	0.000781433884102999
Master_msaldototal_tend3	0.000186892440357388	0.000809104154436992	0.000676301212948579
mpagomiscuentas_min3	0.000186749060999534	0.00170265529689322	0.000638641748654459
tcallcenter	0.000186413960619377	0.000281745733375571	0.000225956785764723
Master_mpagominimo_ratioavg3	0.000184903035813757	0.000314411045710468	0.000572737686139748
Master_msaldopesos_tend3	0.000184421688109177	0.00105540110849821	0.000668455491220637
cextraccion_autoservicio_avg3	0.000184037666310714	0.000324472875583542	0.000781433884102999
Visa_mconsumosdolares_min3	0.00018306019092076	0.000502253836765207	0.000750050997191232
tcallcenter_tend3	0.000181917022423248	0.000234941195518975	0.000205557909272074
ccajas_otras_ratioavg3	0.000180564753093386	0.00151829530130523	0.000406408385507383
ccajas_depositos_eficiencia3	0.000179768454418844	0.00148540046838304	0.000585290840904455
cpagomiscuentas	0.000179448344984524	0.000530875240510818	0.00057116854179416
ccaja_seguridad_eficiencia3	0.00017880626670163	0.00223781702229489	0.000196143043198544
cpagomiscuentas_avg3	0.000177218570459699	0.000635181156823142	0.00075162014153682
matm_ratioavg3	0.000176523248926174	0.000327773597528503	0.000878720833529476
ctarjeta_debito	0.000175584798646286	0.000303443200133232	0.000710822388551523
ccuenta_debitos_automaticos_avg3	0.000170061954425913	0.000522008404121472	0.000698269233786816
Master_mconsumototal	0.000166906123530803	0.000280900700856263	0.000472312448022094
ccuenta_debitos_automaticos	0.000166874116852301	0.000297270588416688	0.000494280468860331
tcuentas_avg3	0.000166240629662495	0.000882106537235037	0.000147499568485305
mautoservicio_min3	0.000165530431380818	0.00115594661173118	0.000706114955514758
Master_mpagospesos_eficiencia3	0.000165324169585071	0.000479853706943886	0.000754758430227997
Master_mpagominimo_eficiencia3	0.000164708092117975	0.000409751755630447	0.000740636131117701
tcallcenter_avg3	0.000164556200160672	0.000223603409778203	0.000312259724772082
Master_mpagominimo_min3	0.000161349448966076	0.000437365693424621	0.000651194903419166
mautoservicio_tend3	0.00016125044863512	0.000353945952742084	0.000691992656404463
matm_avg3	0.000160298431862214	0.000313790588432137	0.000756327574573585
Visa_mpagado	0.000160235192107549	0.0003492651683247	0.000340504322992672
mplazo_fijo_dolares_eficiencia3	0.000155967526229685	0.0041537996101726	0.000511541056661802
ccajas_transacciones_avg3	0.000154975053579786	0.000532843177494132	0.000544493087919158
mpagomiscuentas_tend3	0.000154767441661122	0.0014302200398602	0.000536647366191216
mtarjeta_master_consumo_avg3	0.000152577375895178	0.000391498228047049	0.000436222128073562
Master_Finiciomora_avg3	0.000152082611329899	0.000881525444913379	0.000122393258955891
ctarjeta_debito_min3	0.000151826040493677	0.000305334328823483	0.00062765773823534
cpagomiscuentas_tend3	0.000151123880632109	0.00223114634355655	0.000431514695036796
ccaja_seguridad_max3	0.000151109479874932	0.000147726763442343	7.84572172794175e-05
cpagomiscuentas_max3	0.000149297061215193	0.000556308817503076	0.00063707260430887
Master_status_tend3	0.000148195459500713	0.000138402694462208	0.000128669836338245
cforex_eficiencia3	0.000147544956907451	0.000512972408629008	0.000605689717397103
minversion2	0.000146803431731334	0.00445713466264669	0.000271461971786785
active_quarter_tend3	0.00014597506607656	0.000117026759992433	0.000147499568485305
ccajas_transacciones	0.000145764248712509	0.000634322814257465	0.000462897581948564
ctransferencias_emitidas	0.000145293623444073	0.000799197862770327	0.00077044987368388
ctarjeta_visa_debitos_automaticos_min3	0.000144857997696324	0.00055091279471283	0.000563322820066218
Master_mpagospesos_min3	0.000144609607829611	0.000936120090100341	0.00061824287216181
Master_cconsumos_tend3	0.000143917447182301	0.000747544596535465	0.000508402767970626
mtarjeta_master_consumo_eficiencia3	0.000143706948522636	0.000338785866445214	0.000644918326036812
ccajas_otras_eficiencia3	0.000143666243481532	0.00104767294516284	0.00041896154027209
tmobile_app_min3	0.000143558300781796	0.000132777207602913	0.000324812879536789
mprestamos_prendarios	0.000143119607209784	0.00211786380416667	0.000225956785764723
Visa_mlimitecompra_tend3	0.000142670828829216	0.000931114834446402	0.000387578653360323
minversion1_pesos	0.000137888738253812	0.00323344867522137	0.000225956785764723
matm	0.000137013973984974	0.000180147493078026	0.000505264479279449
Master_cconsumos_ratioavg3	0.000136330027618704	0.000340881167290499	0.000483296458441212
Visa_mfinanciacion_limite_tend3	0.000135032504874937	0.000235231812327608	0.000407977529852971
Master_mfinanciacion_limite_ratioavg3	0.000134115450371851	0.000299963682724618	0.000451913571529445
cextraccion_autoservicio_max3	0.00013410050383701	0.000277484088252784	0.000602551428705927
ccheques_emitidos_rechazados_max3	0.000134056944000648	0.00108006634822773	0.000103563526808831
Visa_mconsumosdolares_tend3	0.000133802913903648	0.000286374577527079	0.000594705706977985
matm_other_max3	0.000132839671409516	0.000489619805107281	0.000579014263522101
Master_cconsumos	0.000132230961717792	0.000267636292968254	0.000396993519433853
ctransferencias_emitidas_tend3	0.000132092922805491	0.00131000002736303	0.000494280468860331
Master_delinquency_eficiencia3	0.000130148059100816	0.000772161315352854	0.000158483578904423
Master_cconsumos_eficiencia3	0.000130101688533242	0.000464629981104713	0.000557046242683865
ccomisiones_otras_tend3	0.000129763533418323	0.000288445942896197	0.000575875974830925
Master_Finiciomora_tend3	0.000128825936666569	0.000542375035796893	0.00010513267115442
ctarjeta_visa_debitos_automaticos	0.000124760411311607	0.00031336175625876	0.000579014263522101
ccajas_extracciones_ratioavg3	0.000123743013533502	0.000564087395111746	0.000503695334933861
Master_mpagospesos_max3	0.000122343817997579	0.000321052787108081	0.000519386778389744
Visa_msaldodolares_eficiencia3	0.000121593394227273	0.000286721599542833	0.000568030253102983
thomebanking_min3	0.000120778682708336	0.000119739607426503	0.000426807262000031
Master_mpagospesos_avg3	0.000120055754253551	0.000286823304122206	0.000513110201007391
ctarjeta_visa_max3	0.000118075778590886	0.000105590349916564	3.29520312573554e-05
Master_Finiciomora_max3	0.000117168010070443	0.000436734186829665	7.53189285882408e-05
tcuentas_max3	0.00011697474220684	0.000575518577250081	0.000139653846757363
ctarjeta_debito_transacciones_min3	0.000116548118023037	0.000324942259596708	0.000531939933154451
ctransferencias_recibidas_min3	0.000116381358243347	0.000402966486153191	0.00056175367572063
Master_delinquency_tend3	0.000116158979338767	0.000314200910880732	9.10103720441243e-05
mcheques_emitidos_rechazados	0.000115680713774434	0.00175421920778494	0.000139653846757363
internet_tend3	0.000114710745682304	0.000218570290630165	0.000224387641419134
Visa_mpagado_tend3	0.000113921286506435	0.00186569895649933	0.000477019881058859
mttarjeta_master_debitos_automaticos_eficiencia3	0.00011275783220343	0.000543449928012955	0.00044720613849268
Master_mfinanciacion_limite_tend3	0.000112211017098999	0.000266159697335747	0.000404839241161795
Visa_mlimitecompra_ratioavg3	0.000112104792717629	0.000304460867627641	0.000414254107235325
thomebanking_tend3	0.000111379989541694	0.000640993040849857	0.000271461971786785
cforex_sell_eficiencia3	0.000111373148430161	0.000388187135004386	0.000434652983727973
mforex_sell_eficiencia3	0.000111102803761447	0.000326216943803925	0.000508402767970626
mcheques_emitidos_rechazados_avg3	0.000110828375429863	0.00126592054488112	0.000145930424139717
Master_mconsumospesos_ratioavg3	0.000110622671824464	0.000323083035454974	0.00040954667419856
matm_other_avg3	0.000109894931637798	0.000309101665387673	0.000495849613205919
ccomisiones_mantenimiento_min3	0.000109599044102171	0.000172809644733012	0.000230664218801488
Master_mconsumospesos_min3	0.000108760283378563	0.000393124455729508	0.000439360416764738
catm_trx_other_ratioavg3	0.000107795315694406	0.000234287025108332	0.000549200520955923
Master_cconsumos_max3	0.00010762150725902	0.00027457099668161	0.000420530684617678
mextraccion_autoservicio_min3	0.000106890937649833	0.000828896419461744	0.000412684962889736
Master_mlimitecompra_ratioavg3	0.000106848531011018	0.000323867847785717	0.000398562663779441
Master_mlimitecompra_tend3	0.000106426421097222	0.000225942558585536	0.00042837640634562
cseguro_accidentes_personales_eficiencia3	0.00010549691305075	0.000932541665765411	0.000373456354250027
ccheques_emitidos_ratioavg3	0.000105187947869966	0.00222126785886574	0.000191435610161779
catm_trx	0.000104670398414418	0.000114271552134778	0.000293429992625022
Master_mconsumospesos_tend3	0.000103971687065742	0.000237915976753047	0.000445636994147092
Master_mconsumospesos_eficiencia3	0.000103278308303003	0.000236784283702159	0.000464466726294152
catm_trx_avg3	0.000103217277977629	0.00034557410313026	0.000498987901897096
ccuenta_debitos_automaticos_max3	0.000102697876727601	0.00063615055773751	0.000400131808125029
matm_other_ratioavg3	0.000102174556398096	0.000245723972107515	0.000494280468860331
Master_mconsumospesos_avg3	0.000101858852134235	0.000279873425260441	0.000422099828963266
ctransferencias_recibidas_tend3	0.000101270403304027	0.000397908498977965	0.000440929561110327
Master_mconsumospesos_max3	0.000100624214120995	0.00023199690587733	0.00042837640634562
mforex_sell_avg3	0.000100481766807585	0.000400526706613113	0.00041896154027209
mprestamos_prendarios_ratioavg3	9.93232399642109e-05	0.00250890999930134	0.000229095074455899
ctarjeta_master_transacciones_avg3	9.87840595591265e-05	0.000275572697772199	0.000337366034301495
Master_Finiciomora_ratioavg3	9.82171281129044e-05	0.000815762653493835	9.57178050808894e-05
Visa_msaldodolares_max3	9.68220491393799e-05	0.000340395958169123	0.000371887209904439
Visa_mpagosdolares	9.651333428348e-05	0.00014780080234147	0.000273031116132373
mextraccion_autoservicio_tend3	9.45740310764853e-05	0.000226432967385324	0.000436222128073562
cseguro_vida_avg3	9.38039352212072e-05	0.00123943180053982	0.00028558427089708
mplazo_fijo_dolares_tend3	9.33242747635263e-05	0.000949928401305713	0.000225956785764723
Visa_mpagosdolares_max3	9.30659441184393e-05	0.000368739489970035	0.000412684962889736
cseguro_vida_eficiencia3	9.22088065334235e-05	0.000462373292414804	0.00029499913697061
ctarjeta_debito_ratioavg3	9.21777552636649e-05	0.00194905353164698	0.000216541919691192
ccajas_depositos	9.13966629334797e-05	0.00156225326956337	0.000210265342308839
ccajas_transacciones_max3	9.04302527271432e-05	0.000106452620500172	0.000362472343830909
mttarjeta_master_debitos_automaticos_ratioavg3	9.03947333061848e-05	0.000738874641447729	0.000320105446500024
ctarjeta_master_transacciones_max3	8.96265518463218e-05	0.000268164258140919	0.000315398013463259
Master_mconsumototal_avg3	8.92009993660924e-05	0.000230924726536961	0.000356195766448556
Master_cconsumos_avg3	8.85000286748729e-05	0.000192287866137156	0.000370318065558851
Master_mconsumototal_eficiencia3	8.77433759713322e-05	0.000236945925878879	0.000400131808125029
Master_mconsumototal_ratioavg3	8.71963450011812e-05	0.000198932800815533	0.000324812879536789
ctransferencias_emitidas_min3	8.62263348895831e-05	0.000401968458748436	0.000429945550691208
catm_trx_max3	8.54783689589819e-05	0.000188779015760108	0.000395424375088264
minversion1_pesos_avg3	8.52988001011979e-05	0.0021232316808716	0.000164760156286777
ccheques_emitidos_eficiencia3	8.44308817696609e-05	0.00140506210234202	0.000175744166705895
ccuenta_debitos_automaticos_min3	8.38314834911419e-05	0.000559561498940969	0.000315398013463259
Visa_msaldodolares_avg3	8.37008366374707e-05	0.000510751976392374	0.000326382023882377
mprestamos_hipotecarios	8.33045369768362e-05	0.00198269593137738	0.000128669836338245
mplazo_fijo_dolares_avg3	8.28502245506173e-05	0.000424233142598949	0.000178882455397072
mtarjeta_visa_descuentos	8.23089162407703e-05	0.00306531919320506	0.000214972775345604
ccajas_depositos_ratioavg3	8.15843119483735e-05	0.00069463784043474	0.000236940796183841
Visa_msaldodolares	8.14739121968004e-05	0.000328506413075126	0.000246355662257371
Visa_mpagosdolares_eficiencia3	8.13224488460828e-05	0.000304123368935935	0.000412684962889736
cseguro_vida_ratioavg3	8.0247099327922e-05	0.000733980189810384	0.000258908817022078
catm_trx_other_avg3	7.9626467222324e-05	0.000293483555244602	0.000412684962889736
mprestamos_hipotecarios_avg3	7.9050950816418e-05	0.000787877823758048	8.63029390073593e-05
Master_mconsumototal_min3	7.84418105228135e-05	0.000339767503559322	0.0003232437351912
ctarjeta_master_debitos_automaticos_eficiencia3	7.81393804240461e-05	0.000409712758042358	0.000307552291735317
mcheques_emitidos_eficiencia3	7.78516577519924e-05	0.00117402781518982	0.000147499568485305
Visa_mpagosdolares_avg3	7.7299721955811e-05	0.000278310695824675	0.000335796889955907
Visa_cadelantosefectivo	7.68304468109492e-05	0.000411463043269537	8.31646503161826e-05
ctarjeta_master_debitos_automaticos_ratioavg3	7.62220331390847e-05	0.00089667174075881	0.000244786517911783
ccheques_depositados_eficiencia3	7.56404972441204e-05	0.000673581262300473	0.000199281331889721
mtarjeta_master_consumo_tend3	7.49314633116939e-05	0.000226416407539947	0.000218111064036781
ctarjeta_master_min3	7.44954945355593e-05	3.69800846066752e-05	5.64891964411806e-05
ccajas_otras	7.40234575026431e-05	0.000701747496371185	0.000160052723250012
mforex_sell_max3	7.36230146764471e-05	0.00032136572862294	0.000305983147389728
cextraccion_autoservicio_min3	7.22972327291102e-05	0.000246613004079472	0.000263616250058843
catm_trx_other_max3	7.15428832100564e-05	0.000283673740219776	0.0003232437351912
ccajas_otras_avg3	7.00256874678331e-05	0.000355739841794208	0.000199281331889721
mprestamos_hipotecarios_ratioavg3	6.95915129462564e-05	0.00141759974213547	0.000100425238117654
mcheques_depositados_avg3	6.88191084896589e-05	0.000657888322002864	0.000193004754507367
mcheques_emitidos_rechazados_max3	6.87264738358279e-05	0.00049150714707521	8.31646503161826e-05
mcheques_depositados_eficiencia3	6.84392116783189e-05	0.00058780038721384	0.000178882455397072
Master_mconsumototal_tend3	6.81670666876825e-05	0.000156800456603294	0.000321674590845612
Master_mconsumototal_max3	6.78569522408014e-05	0.000126791303904128	0.000312259724772082
matm_min3	6.73998347981985e-05	0.000713142591610977	0.000345211756029437
cplazo_fijo_eficiencia3	6.66707683296437e-05	0.000416856748811795	0.000230664218801488
mtarjeta_visa_descuentos_eficiencia3	6.59678366366307e-05	0.000894187792211353	0.000298137425661787
minversion2_min3	6.53009057441275e-05	0.00161083180205034	0.000128669836338245
mcheques_depositados_max3	6.52935821675075e-05	0.000664429150076515	0.00018045159974266
active_quarter_max3	6.5025777296058e-05	2.54634468840048e-05	6.11966294779457e-05
ccajas_extracciones_avg3	6.4470936787753e-05	0.000333059551039322	0.000273031116132373
mttarjeta_master_debitos_automaticos_tend3	6.43021513880276e-05	0.00112049537387323	0.000182020744088249
mplazo_fijo_dolares_max3	6.37767724545213e-05	0.00025184365448892	0.000156914434558835
ccajas_otras_tend3	6.36784550275529e-05	0.0011169582926335	0.00014279213544854
matm_tend3	6.2844902861602e-05	0.000202956306318877	0.000326382023882377
cseguro_vida_max3	6.23106189399623e-05	0.000622828840350482	0.000178882455397072
ccajas_extracciones_max3	6.08401996995295e-05	0.000184978785578139	0.000222818497073546
Visa_madelantopesos	6.05252938295362e-05	0.000399474478212738	0.000108270959845596
mprestamos_prendarios_eficiencia3	5.97568163379856e-05	0.000744509369039854	0.00012396240330148
ctarjeta_visa_descuentos_eficiencia3	5.92353907932997e-05	0.000391077138873046	0.00026675453875002
ctarjeta_master_avg3	5.85240462964572e-05	3.22963894997448e-05	5.96274851323573e-05
cseguro_accidentes_personales_avg3	5.84573174297624e-05	0.000187859068308898	0.000208696197963251
Master_Finiciomora_min3	5.82902905046535e-05	0.000487189492373008	7.53189285882408e-05
mtarjeta_master_consumo_min3	5.74215096774908e-05	0.000197803198939659	0.000236940796183841
minversion1_pesos_max3	5.73374963497499e-05	0.00112326004853669	0.00010513267115442
cforex_ratioavg3	5.70723563486404e-05	0.000157790175826238	0.000251063095294136
mforex_buy_eficiencia3	5.67364439035777e-05	0.000278636664794685	0.000218111064036781
cpagomiscuentas_min3	5.63597560948541e-05	0.000214301891577267	0.000241648229220606
ccajas_transacciones_min3	5.60383674170687e-05	0.000285350919098848	0.000125531547647068
ccajas_otras_max3	5.58577959754399e-05	0.000221558890574799	0.000147499568485305
mprestamos_prendarios_max3	5.45574359725355e-05	0.00041933032626155	7.06114955514758e-05
matm_other	5.41298878559025e-05	0.00027612329850143	0.000315398013463259
mplazo_fijo_dolares_min3	5.40621795942161e-05	0.000421399600455654	0.000120824114610303
Master_mpagado_eficiencia3	5.3083729566042e-05	0.000216160663573052	0.000243217373566194
ccajas_depositos_avg3	5.28261099102032e-05	0.000178224629393989	0.000145930424139717
ctarjeta_visa_descuentos_ratioavg3	5.26503183384933e-05	0.00193301396496132	0.000164760156286777
ccheques_depositados_avg3	5.20644985579435e-05	0.000377079378515099	8.9441227698536e-05
Visa_Finiciomora_eficiencia3	5.20074489496666e-05	0.000880399431945974	0.00010513267115442
mttarjeta_master_debitos_automaticos_max3	5.18845927897359e-05	0.000199857128430623	0.000199281331889721
ccajas_transacciones_tend3	5.18642620561068e-05	0.000262766963690192	0.000147499568485305
Visa_msaldodolares_ratioavg3	5.15930651153119e-05	0.000176319568956688	0.000273031116132373
minversion1_pesos_min3	5.13959290662112e-05	0.00123052379061	0.00010513267115442
cextraccion_autoservicio_tend3	5.01331149322509e-05	0.000174508696172361	0.000249493950948548
mcheques_emitidos_ratioavg3	4.97635605186304e-05	0.000960404255572339	0.000109840104191185
cseguro_accidentes_personales_min3	4.9005976191521e-05	0.000241771510036387	0.00018045159974266
matm_other_tend3	4.89427264255559e-05	0.000220717560000448	0.000222818497073546
Master_cconsumos_min3	4.67659255404906e-05	0.000123517965048196	0.000202419620580897
ccajas_depositos_max3	4.57165413601258e-05	0.000162119077658919	0.000112978392882361
mforex_buy_ratioavg3	4.56977677448946e-05	0.000630754450169898	0.000153776145867658
ccheques_depositados_max3	4.49643749247849e-05	0.00026286592713475	7.68880729338292e-05
cseguro_accidentes_personales_ratioavg3	4.47987041640026e-05	0.000142150249641134	0.000158483578904423
ctarjeta_master_transacciones_tend3	4.33549980723931e-05	0.000341532596566327	0.000164760156286777
mforex_buy_avg3	4.31803765351928e-05	0.000400199239909648	0.00015220700152207
mforex_sell_ratioavg3	4.29590901637098e-05	0.000129065541508677	0.000197712187544132
ctarjeta_master_transacciones_min3	4.27681213573271e-05	0.000130538972119542	0.0001616218675956
catm_trx_min3	4.26712424087236e-05	0.000417544491059141	0.00018045159974266
Master_mpagado	4.26359948590723e-05	5.08522896864468e-05	8.15955059705942e-05
cpagodeservicios_eficiencia3	4.25568928383733e-05	0.000460922525619626	0.000203988764926486
cplazo_fijo_avg3	4.21711488617192e-05	0.000318191240175078	0.000106701815500008
cforex_buy_eficiencia3	4.20437570305779e-05	0.000248867432039636	0.0001616218675956
ccheques_depositados_ratioavg3	4.18886206846505e-05	0.000385807123506925	8.47337946617709e-05
Master_msaldodolares_eficiencia3	4.12971947810984e-05	0.000196716805261022	0.000145930424139717
Visa_mpagosdolares_ratioavg3	4.04310978007669e-05	0.000202108532664754	0.000246355662257371
ccheques_emitidos_rechazados	4.00096410573557e-05	0.000509750868743343	5.02126190588272e-05
cforex_avg3	3.98367773757803e-05	0.000190815707186772	0.00018045159974266
Visa_mpagado_min3	3.96706555453301e-05	0.000514314971246798	0.000202419620580897
ccajas_otras_min3	3.94824582920082e-05	0.000558825914000409	9.88560937720661e-05
cliente_edad_ratioavg3	3.92265763732573e-05	0.0001301573609387	0.000172605878014719
mttarjeta_master_debitos_automaticos_avg3	3.84179140773112e-05	0.000208889902383202	0.0001616218675956
mpagodeservicios_eficiencia3	3.66036610777317e-05	0.000442699404851289	0.000216541919691192
catm_trx_tend3	3.65618694746301e-05	0.000108056693031137	0.000186728177125014
cprestamos_prendarios_eficiencia3	3.640042286807e-05	0.000423045779078107	6.11966294779457e-05
Master_mpagado_avg3	3.54295512248169e-05	0.000131617538021438	0.000141222991102952
ccajas_extracciones_tend3	3.44291275843983e-05	0.000241326372349729	0.000186728177125014
Visa_mpagosdolares_tend3	3.39637925689945e-05	0.000183025119451335	0.000167898444977954
ccajas_extracciones	3.35495501492221e-05	0.000273024685795613	0.000164760156286777
cforex_max3	3.30287836766958e-05	0.000138076245087127	0.000136515558066187
Master_mpagado_max3	3.21529993972997e-05	5.75286202491485e-05	0.000122393258955891
mcheques_emitidos_rechazados_ratioavg3	3.13999535288338e-05	0.000247658845918319	4.07977529852971e-05
mprestamos_prendarios_avg3	3.12208569796163e-05	0.000348415049163468	5.33509077500039e-05
Master_mconsumosdolares	3.07591692594481e-05	3.16514880810538e-05	0.000130238980683833
catm_trx_other_min3	3.05716261276683e-05	0.000324220041220761	0.000178882455397072
ccheques_emitidos_rechazados_ratioavg3	3.03536458320414e-05	0.000280683783837295	3.92286086397088e-05
kmes_tend3	2.94324547278572e-05	5.85642605450246e-05	8.9441227698536e-05
cplazo_fijo_max3	2.93110107181264e-05	0.000127992118766949	5.8058340786769e-05
cseguro_vida_min3	2.91211307407484e-05	7.57637511442524e-05	8.31646503161826e-05
cseguro_vivienda	2.88984033380535e-05	0.000197164825378104	0.000117685825919126
mforex_buy_tend3	2.83633825129756e-05	0.000364834588000903	7.84572172794175e-05
ctarjeta_debito_tend3	2.82742000327595e-05	0.000508903349421316	5.64891964411806e-05
tcuentas_min3	2.79960275239173e-05	0.000240592878584183	5.33509077500039e-05
cforex_sell_max3	2.78178751942851e-05	0.000169752770750099	0.000120824114610303
Visa_msaldodolares_tend3	2.77645529824865e-05	0.000173276231093119	0.000127100691992656
mcaja_ahorro_adicional_eficiencia3	2.72576961000302e-05	0.0012016001555567	9.4148660735301e-05
ccheques_emitidos	2.70150637319333e-05	0.000614746025036469	4.86434747132389e-05
ctarjeta_master_max3	2.6937588109366e-05	6.72615139444235e-06	2.6675453875002e-05
tcuentas	2.66495061962127e-05	2.39231834500733e-05	1.56914434558835e-05
ccheques_emitidos_avg3	2.64564876140137e-05	0.000313627307226353	5.49200520955923e-05
cprestamos_hipotecarios_max3	2.62246773380459e-05	9.76434609784289e-05	1.72605878014719e-05
mcheques_depositados_ratioavg3	2.62061180259431e-05	0.000206791408257152	7.06114955514758e-05
cforex_sell_avg3	2.60217269048809e-05	0.000127396077369857	0.000130238980683833
Master_mconsumosdolares_max3	2.56162401661897e-05	4.70546028254397e-05	0.000103563526808831
cforex_sell_ratioavg3	2.54511226602514e-05	6.23667514567383e-05	0.000136515558066187
cplazo_fijo_tend3	2.53020167927809e-05	0.000634839617077018	7.06114955514758e-05
mcheques_depositados	2.51782818371155e-05	0.000459655386597931	7.68880729338292e-05
cforex_buy_ratioavg3	2.49773324555438e-05	0.000375057042722312	0.000101994382463243
mforex_sell	2.45908705197448e-05	0.000172426338004862	0.00014279213544854
ccajeros_propios_descuentos_eficiencia3	2.45352988423256e-05	0.000208201171066593	0.000125531547647068
catm_trx_other	2.44423795624805e-05	0.000161907388577484	0.000156914434558835
cseguro_vivienda_eficiencia3	2.44144254579693e-05	0.000106084969325501	0.000120824114610303
mttarjeta_master_debitos_automaticos_min3	2.43873606214508e-05	9.01037577263688e-05	0.000106701815500008
matm_other_min3	2.42544075796727e-05	0.000320132783138627	0.000207127053617662
Visa_msaldodolares_min3	2.42121378937078e-05	0.000208984542182124	8.47337946617709e-05
cseguro_accidentes_personales_max3	2.39329938968002e-05	5.44528974319922e-05	8.47337946617709e-05
mforex_buy_max3	2.38919118544038e-05	0.000190710781067514	0.000100425238117654
cseguro_vida	2.37778898527656e-05	0.00011833074890896	9.72869494264777e-05
cseguro_accidentes_personales	2.35983246244926e-05	6.40445802956121e-05	9.4148660735301e-05
mtarjeta_visa_descuentos_ratioavg3	2.35864177504591e-05	0.000435660057609892	9.88560937720661e-05
mcheques_emitidos_avg3	2.29557538813113e-05	0.000232745885641625	5.17817634044156e-05
cseguro_vivienda_ratioavg3	2.28519422176639e-05	9.59003535681876e-05	9.72869494264777e-05
mcheques_emitidos_max3	2.25345262636402e-05	0.000254292307393244	6.2765773823534e-05
Visa_madelantopesos_max3	2.19379162466808e-05	0.000321406958681652	8.15955059705942e-05
cseguro_vivienda_avg3	2.1120951347101e-05	9.32462285892264e-05	8.31646503161826e-05
mtarjeta_visa_descuentos_avg3	2.08753829979544e-05	0.000149259227358657	0.000127100691992656
Master_mconsumosdolares_eficiencia3	2.07995835721058e-05	0.000175727935982598	7.37497842426525e-05
Master_mpagosdolares	2.06305793266957e-05	3.15475227719366e-05	8.78720833529476e-05
ccheques_depositados_rechazados_eficiencia3	2.00986496063997e-05	0.0003457673955234	5.02126190588272e-05
catm_trx_other_tend3	1.9874079815003e-05	6.43654061054539e-05	0.000108270959845596
mpagodeservicios	1.98618501395432e-05	0.000632905675817234	7.21806398970641e-05
mtarjeta_visa_descuentos_max3	1.98110078701099e-05	0.000273157899295797	0.000175744166705895
mcaja_ahorro_adicional_max3	1.95485661750651e-05	0.000300620085605883	5.8058340786769e-05
cplazo_fijo_min3	1.89172322877279e-05	0.000104166542323587	3.29520312573554e-05
Master_madelantopesos	1.88307566276663e-05	1.59376077741884e-05	7.21806398970641e-05
Master_mconsumosdolares_avg3	1.87135856744557e-05	4.30552023529951e-05	7.68880729338292e-05
mforex_sell_tend3	1.86606894010738e-05	0.000182833748678478	0.000127100691992656
minversion1_pesos_eficiencia3	1.8142660667392e-05	0.000372710913911893	0.000141222991102952
ctarjeta_visa_descuentos_avg3	1.7993995982482e-05	9.36696915294606e-05	7.21806398970641e-05
mcaja_ahorro_adicional_avg3	1.77446209231532e-05	0.000482980380957655	5.33509077500039e-05
Master_msaldodolares	1.71714322038086e-05	4.96305065552473e-05	6.2765773823534e-05
ccheques_emitidos_max3	1.70902039723598e-05	0.000182530443524155	3.45211756029437e-05
mcaja_ahorro_adicional	1.69213481403411e-05	0.000300273883104661	5.17817634044156e-05
mttarjeta_master_debitos_automaticos	1.65337361762049e-05	4.83528268811193e-05	8.47337946617709e-05
Master_mpagado_tend3	1.62698848985921e-05	4.38751125130188e-05	7.06114955514758e-05
ctarjeta_master_debitos_automaticos_tend3	1.59304640361281e-05	0.000157755473624663	3.92286086397088e-05
mcajeros_propios_descuentos_eficiencia3	1.56551906165752e-05	0.000114751505059499	7.53189285882408e-05
cinversion2	1.5427758895748e-05	0.000970628038472473	5.64891964411806e-05
mcheques_emitidos	1.52268191230005e-05	0.000267139441088694	3.1382886911767e-05
ctarjeta_visa_descuentos_max3	1.51612456932616e-05	0.000271253969223369	6.90423512058874e-05
cliente_edad_tend3	1.46804862293573e-05	4.68220019938703e-05	7.06114955514758e-05
mcheques_depositados_rechazados	1.45653019811998e-05	0.000517909022876085	3.76594642941204e-05
cprestamos_hipotecarios_avg3	1.44698819350516e-05	0.000120086657701379	1.25531547647068e-05
Visa_cadelantosefectivo_ratioavg3	1.44137152215209e-05	0.000269532536559551	5.64891964411806e-05
mcheques_depositados_rechazados_eficiencia3	1.42010886794349e-05	4.90371215156052e-05	3.60903199485321e-05
Master_mpagosdolares_max3	1.38102798345987e-05	6.15404547351869e-05	5.8058340786769e-05
cseguro_vivienda_min3	1.35654591988995e-05	6.08952142070343e-05	6.2765773823534e-05
ctarjeta_master_descuentos_eficiencia3	1.32725923581019e-05	0.00014569854975222	5.33509077500039e-05
cprestamos_hipotecarios_ratioavg3	1.32160389234041e-05	6.16107634302355e-05	9.4148660735301e-06
cinversion1_avg3	1.32005244500845e-05	0.000127407635350675	3.60903199485321e-05
mcheques_emitidos_tend3	1.31389787689669e-05	0.000119552192930698	2.98137425661787e-05
Visa_madelantodolares	1.31371353151003e-05	4.29671186703318e-05	2.51063095294136e-05
mcajeros_propios_descuentos_max3	1.29367429141493e-05	0.000132668127392749	7.53189285882408e-05
cseguro_vivienda_max3	1.27546258764322e-05	6.20690698676541e-05	5.17817634044156e-05
Master_mpagado_ratioavg3	1.26617909216907e-05	7.14558740981945e-05	8.00263616250059e-05
mcajeros_propios_descuentos_avg3	1.24253734189006e-05	0.000322972683584329	8.47337946617709e-05
mpagodeservicios_ratioavg3	1.23473783041231e-05	0.000163563994815883	5.33509077500039e-05
cforex_buy_max3	1.20465591247579e-05	5.3367944968568e-05	4.86434747132389e-05
Master_msaldodolares_ratioavg3	1.19896284206695e-05	8.34890603083217e-05	4.55051860220622e-05
Master_mpagosdolares_avg3	1.16107185212563e-05	2.99700703337109e-05	4.07977529852971e-05
cforex_sell_tend3	1.14805989536997e-05	8.87305057022994e-05	6.11966294779457e-05
ccheques_depositados	1.11205966450315e-05	0.000171072443479228	2.6675453875002e-05
ctarjeta_master_debitos_automaticos_max3	1.10105582208616e-05	4.42291427909803e-05	5.02126190588272e-05
Visa_madelantopesos_avg3	1.07609810851288e-05	0.000119006226697443	3.76594642941204e-05
Visa_mpagosdolares_min3	1.0618968082619e-05	6.8678171979584e-05	4.39360416764738e-05
ccajeros_propios_descuentos_avg3	1.0486250951503e-05	0.000208125097510696	9.10103720441243e-05
mcaja_ahorro_adicional_min3	1.03583080319879e-05	0.000157516938377515	3.29520312573554e-05
Master_msaldodolares_avg3	1.02698987016948e-05	5.16059039467181e-05	4.39360416764738e-05
cpagodeservicios_ratioavg3	1.013868304414e-05	0.00011006094298597	4.70743303676505e-05
cforex_buy_avg3	1.01373748187977e-05	9.9279127207571e-05	4.55051860220622e-05
cseguro_vida_tend3	1.00818968916459e-05	0.000112171390720542	3.60903199485321e-05
Master_msaldodolares_max3	1.00468704527151e-05	8.07655591853315e-05	4.55051860220622e-05
minversion2_ratioavg3	9.93476438411407e-06	0.000240291410272777	4.23668973308855e-05
cprestamos_prendarios_max3	9.83851922627106e-06	0.000474425779605123	3.29520312573554e-05
Master_mconsumosdolares_ratioavg3	9.77953214576202e-06	0.000177125688665272	4.23668973308855e-05
mprestamos_prendarios_min3	9.64716379662965e-06	0.000108305542857744	1.88297321470602e-05
mforex_buy	9.59153317440015e-06	3.81687197879986e-05	2.6675453875002e-05
ctarjeta_master_debitos_automaticos_avg3	9.36428074425687e-06	2.16282319092419e-05	5.33509077500039e-05
Visa_madelantopesos_eficiencia3	9.29772924621828e-06	0.000190099734076744	4.23668973308855e-05
mcaja_ahorro_adicional_ratioavg3	9.17310569214848e-06	0.000111022261791501	2.82445982205903e-05
cforex_tend3	9.15236559159522e-06	6.17748924096736e-05	5.33509077500039e-05
ccheques_emitidos_tend3	9.10315720568784e-06	0.000156512157042649	2.82445982205903e-05
ccheques_depositados_rechazados	9.07182236949454e-06	0.00028792015367591	2.19680208382369e-05
Master_mpagosdolares_eficiencia3	8.81737737308749e-06	5.57888474152802e-05	3.1382886911767e-05
Master_mconsumosdolares_tend3	8.75470844717043e-06	1.40322364865481e-05	4.07977529852971e-05
Master_cadelantosefectivo	8.70166126143258e-06	1.19516021254789e-05	3.45211756029437e-05
ctarjeta_visa_descuentos_tend3	8.4874020590188e-06	6.09910691481938e-05	3.92286086397088e-05
ccajas_depositos_min3	8.4500977005727e-06	0.000148962591357079	2.35371651838253e-05
Visa_cadelantosefectivo_avg3	8.28457441746644e-06	9.64078591366671e-05	2.98137425661787e-05
cforex_buy_tend3	8.24933110876093e-06	0.000115244654994102	2.82445982205903e-05
mpagodeservicios_avg3	8.206793190528e-06	8.08711070052697e-05	4.39360416764738e-05
ccheques_emitidos_rechazados_eficiencia3	8.12907470645802e-06	4.97799407913473e-05	2.19680208382369e-05
mpagodeservicios_tend3	8.04576197587393e-06	0.000110577265400452	2.51063095294136e-05
Visa_cadelantosefectivo_eficiencia3	7.61408090572444e-06	0.000155215176388329	4.07977529852971e-05
cinversion1_min3	7.52978502217396e-06	0.000102714956013877	1.88297321470602e-05
ccheques_emitidos_min3	7.5128876009901e-06	0.000284185202065308	2.03988764926486e-05
mtarjeta_visa_descuentos_tend3	7.42049497709735e-06	0.000182833635641991	4.07977529852971e-05
minversion2_max3	7.33299933407652e-06	0.000155459165645985	2.51063095294136e-05
cinversion1_ratioavg3	7.29170685429149e-06	0.000110348309995596	2.19680208382369e-05
mpagodeservicios_max3	7.26669692819582e-06	4.35451307477125e-05	3.29520312573554e-05
ccheques_depositados_rechazados_avg3	7.20714397645599e-06	9.21540700497422e-05	1.56914434558835e-05
ccallcenter_transacciones_min3	7.07882421532456e-06	0.000188403706363428	3.60903199485321e-05
Visa_madelantopesos_ratioavg3	6.37932569873634e-06	0.000133560183090738	2.98137425661787e-05
cpagodeservicios_tend3	6.31021875155742e-06	0.000117558144518837	2.19680208382369e-05
mcheques_emitidos_rechazados_eficiencia3	6.08150561718118e-06	2.98743566881604e-05	1.56914434558835e-05
cpagodeservicios_avg3	6.05848912224985e-06	2.45545770085419e-05	2.19680208382369e-05
ccajeros_propios_descuentos_max3	6.02481168587468e-06	0.000102128890086782	4.55051860220622e-05
Master_mpagosdolares_tend3	5.94343880360895e-06	1.16476470113542e-05	3.1382886911767e-05
mcheques_depositados_rechazados_max3	5.89117878052585e-06	5.55433321650463e-05	1.25531547647068e-05
mtarjeta_master_descuentos_max3	5.80585156255359e-06	0.000160947030582094	2.6675453875002e-05
cinversion1	5.67447098582506e-06	7.57210233520847e-05	1.41222991102952e-05
Visa_cadelantosefectivo_max3	5.64176628469775e-06	7.67278676028423e-05	2.51063095294136e-05
cinversion2_ratioavg3	5.57217487089527e-06	7.57410873285656e-05	1.56914434558835e-05
minversion2_eficiencia3	5.5348397008671e-06	6.82836181209554e-05	2.6675453875002e-05
cpagodeservicios_max3	5.36458129987433e-06	2.11884634557268e-05	1.88297321470602e-05
ccajeros_propios_descuentos_ratioavg3	5.2968458577597e-06	6.15817695712645e-05	4.39360416764738e-05
Master_mconsumosdolares_min3	5.23007650757677e-06	8.47016309658131e-06	1.72605878014719e-05
minversion2_tend3	5.21670837077231e-06	0.000185288844662573	2.03988764926486e-05
ctarjeta_master_debitos_automaticos_min3	4.89440594624684e-06	2.19261678304223e-05	3.29520312573554e-05
ctarjeta_master_debitos_automaticos	4.79243703862214e-06	1.13805983103056e-05	2.51063095294136e-05
cpagodeservicios	4.69811590013181e-06	8.13724238260741e-05	2.03988764926486e-05
mcheques_depositados_rechazados_ratioavg3	4.50867844054847e-06	1.64537888930617e-05	6.2765773823534e-06
ccajas_extracciones_min3	4.46572311310186e-06	2.67270817745961e-05	1.72605878014719e-05
ccajas_depositos_tend3	4.39363840951962e-06	3.11322832361474e-05	1.56914434558835e-05
mcheques_depositados_rechazados_avg3	4.3140206296153e-06	5.00020009704838e-05	1.25531547647068e-05
cinversion1_eficiencia3	4.17475457624082e-06	9.02647216841648e-05	5.02126190588272e-05
mcheques_emitidos_rechazados_tend3	4.15670930008957e-06	3.29860251082516e-05	4.70743303676505e-06
Master_mpagosdolares_min3	4.09206310512531e-06	5.7657651399306e-06	2.35371651838253e-05
Master_cadelantosefectivo_max3	4.08410403387552e-06	5.87798211261461e-06	1.09840104191185e-05
cforex_sell	4.01599940211461e-06	2.56812964539925e-05	2.51063095294136e-05
minversion2_avg3	3.94039929874944e-06	7.59216631168936e-05	1.25531547647068e-05
cinversion2_avg3	3.91798894760683e-06	4.9594193583729e-05	1.25531547647068e-05
Master_msaldodolares_tend3	3.91791004919227e-06	2.50422729326367e-05	2.51063095294136e-05
ctarjeta_visa_descuentos	3.64134879356085e-06	3.82881993549862e-05	1.72605878014719e-05
mcheques_emitidos_min3	3.62392067458115e-06	2.3314821075875e-05	1.25531547647068e-05
cforex	3.59638437485983e-06	8.43376534769765e-06	2.35371651838253e-05
tcuentas_ratioavg3	3.58566879920446e-06	2.25834184853417e-05	7.84572172794175e-06
mprestamos_prendarios_tend3	3.57969615965276e-06	0.00010893439309525	9.4148660735301e-06
ctarjeta_master_descuentos	3.53302888094521e-06	0.000155129805581358	1.25531547647068e-05
Master_mpagado_min3	3.47136718689438e-06	1.34465944462803e-05	2.19680208382369e-05
ccheques_depositados_rechazados_ratioavg3	3.39399043211635e-06	7.91820592950397e-06	7.84572172794175e-06
Master_madelantodolares	3.22757319389816e-06	4.77296567270957e-06	1.88297321470602e-05
cprestamos_prendarios_ratioavg3	3.16465606159871e-06	9.08416033966734e-05	7.84572172794175e-06
mcheques_depositados_min3	3.11251419623454e-06	0.000125407765559722	1.25531547647068e-05
minversion1_pesos_ratioavg3	2.98685408639872e-06	2.73375353238079e-05	1.41222991102952e-05
ctarjeta_master_descuentos_avg3	2.94543809350141e-06	1.08779815698982e-05	1.56914434558835e-05
Master_mpagosdolares_ratioavg3	2.93411434229336e-06	1.78799419931484e-05	1.41222991102952e-05
mtarjeta_master_descuentos_avg3	2.91741954553786e-06	0.000126797153542342	1.88297321470602e-05
tcuentas_eficiencia3	2.84067587053431e-06	5.87196291967034e-06	1.09840104191185e-05
mcajeros_propios_descuentos_ratioavg3	2.69286740854027e-06	4.28944927272953e-05	2.19680208382369e-05
ccajas_consultas_min3	2.64135979522318e-06	2.41901473737564e-05	7.84572172794175e-06
mtarjeta_master_descuentos	2.62638952711849e-06	0.000118338859276918	9.4148660735301e-06
cforex_buy	2.54142571102508e-06	3.81328307033074e-05	9.4148660735301e-06
mforex_sell_min3	2.53821220494998e-06	2.38913919380437e-05	1.72605878014719e-05
mcaja_ahorro_adicional_tend3	2.52076628832259e-06	3.9784717668365e-05	1.09840104191185e-05
cprestamos_hipotecarios	2.45046107878285e-06	5.78550413651075e-05	4.70743303676505e-06
cinversion2_eficiencia3	2.37790244983103e-06	4.60562363112233e-05	2.19680208382369e-05
mcajeros_propios_descuentos_tend3	2.35846955906663e-06	4.11757164209274e-05	2.51063095294136e-05
ctarjeta_master_descuentos_ratioavg3	2.26700355982795e-06	3.67873573959714e-05	1.25531547647068e-05
ccheques_depositados_rechazados_max3	2.22956463184645e-06	1.77034072592383e-05	4.70743303676505e-06
cinversion2_max3	2.21433047098515e-06	1.84146328368034e-05	7.84572172794175e-06
mtarjeta_master_descuentos_tend3	2.03036694095496e-06	2.89596371744841e-05	1.41222991102952e-05
Master_cadelantosefectivo_avg3	1.94316943498138e-06	1.06545366937933e-06	7.84572172794175e-06
minversion1_pesos_tend3	1.94282188966655e-06	2.29250995270749e-05	1.09840104191185e-05
Master_Finiciomora_eficiencia3	1.87932065611453e-06	5.76969880968573e-05	6.2765773823534e-06
tcallcenter_min3	1.84512938059035e-06	2.83702931892599e-05	1.09840104191185e-05
tcuentas_tend3	1.67815245317089e-06	2.04903501106787e-05	4.70743303676505e-06
cforex_min3	1.67502093981063e-06	1.00068376220437e-05	6.2765773823534e-06
mtarjeta_master_descuentos_eficiencia3	1.58155905151205e-06	9.12775286096232e-06	7.84572172794175e-06
cseguro_auto_ratioavg3	1.57214490346349e-06	2.40311332953649e-05	4.70743303676505e-06
Master_madelantopesos_max3	1.44240065238596e-06	9.59481962614019e-07	6.2765773823534e-06
Master_msaldodolares_min3	1.3464413319273e-06	1.85897828737451e-05	9.4148660735301e-06
cinversion1_max3	1.31975036100346e-06	1.33839157141188e-05	9.4148660735301e-06
cinversion2_min3	1.31835087055916e-06	3.00992992977209e-05	6.2765773823534e-06
cprestamos_prendarios_avg3	1.31801083790839e-06	1.68673046224209e-05	3.1382886911767e-06
mcheques_depositados_tend3	1.31189752564421e-06	2.35494848233361e-05	6.2765773823534e-06
cseguro_accidentes_personales_tend3	1.30941510435597e-06	7.19799395120512e-06	4.70743303676505e-06
mpagodeservicios_min3	1.20684583545315e-06	1.73240568081403e-05	3.1382886911767e-06
Master_madelantopesos_avg3	1.18594514275258e-06	3.10463189876194e-06	7.84572172794175e-06
Visa_madelantopesos_tend3	1.15373887958298e-06	1.13260016869801e-05	4.70743303676505e-06
cforex_sell_min3	1.11527390292008e-06	2.99252796256514e-06	6.2765773823534e-06
cprestamos_prendarios	1.10309703952386e-06	2.86512453782361e-05	3.1382886911767e-06
Master_madelantopesos_tend3	1.07077045807909e-06	5.68262680358299e-06	7.84572172794175e-06
ccajeros_propios_descuentos_tend3	1.02536204901452e-06	1.5847658989486e-05	1.09840104191185e-05
cseguro_auto_eficiencia3	8.71446058581108e-07	2.38090165979848e-05	6.2765773823534e-06
ccheques_depositados_min3	8.69116348141066e-07	4.66016938802857e-05	3.1382886911767e-06
ccheques_depositados_tend3	7.88387684867966e-07	5.7609045709803e-07	3.1382886911767e-06
mprestamos_hipotecarios_tend3	6.84934911426933e-07	2.81941258239333e-07	3.1382886911767e-06
cseguro_auto_avg3	6.83252242896063e-07	6.3922133520835e-06	4.70743303676505e-06
mprestamos_hipotecarios_min3	6.40611967654424e-07	4.87724183216663e-07	3.1382886911767e-06
mcheques_emitidos_rechazados_min3	6.26533509875905e-07	6.15653227623745e-07	1.56914434558835e-06
cprestamos_prendarios_min3	6.18438920233307e-07	2.33639071704487e-05	1.56914434558835e-06
Visa_delinquency_min3	5.87369206894326e-07	3.65136112830552e-07	3.1382886911767e-06
Master_cadelantosefectivo_tend3	5.86850957266768e-07	7.16368737733496e-07	4.70743303676505e-06
Master_madelantopesos_min3	5.41929118871099e-07	4.85633008203161e-07	4.70743303676505e-06
mtarjeta_master_descuentos_ratioavg3	4.98962084468936e-07	5.097154318046e-06	3.1382886911767e-06
Master_delinquency_min3	4.94537806754112e-07	1.11326810347184e-06	4.70743303676505e-06
Visa_cadelantosefectivo_tend3	4.91900261733702e-07	2.83297696085929e-07	1.56914434558835e-06
Visa_status_min3	4.5978129607531e-07	5.38223233880559e-07	1.56914434558835e-06
Master_cadelantosefectivo_min3	4.58489188824227e-07	1.21974847442962e-06	3.1382886911767e-06
ccheques_emitidos_rechazados_tend3	4.30732107591252e-07	3.60727689829115e-07	1.56914434558835e-06
mforex_buy_min3	4.24997202820932e-07	4.74473481002729e-06	1.56914434558835e-06
ctarjeta_master_descuentos_max3	4.15181695968239e-07	4.67674336296666e-06	1.56914434558835e-06
Master_status_min3	4.09511532975155e-07	8.99572624389364e-07	3.1382886911767e-06
Visa_madelantopesos_min3	4.00281701137859e-07	3.21390992277832e-07	1.56914434558835e-06
Visa_cadelantosefectivo_min3	3.37053196412914e-07	6.89008256002783e-06	3.1382886911767e-06
mcajeros_propios_descuentos	3.2442072506366e-07	1.21619065099449e-05	6.2765773823534e-06
cinversion2_tend3	3.19538465938039e-07	2.65211858131316e-07	1.56914434558835e-06
cseguro_auto_min3	2.48130789210857e-07	9.42356934800745e-07	1.56914434558835e-06
ccajeros_propios_descuentos	2.10192998782811e-07	9.22863792580289e-06	4.70743303676505e-06
minversion1_dolares_max3	8.56418732867249e-08	2.68207325042549e-07	1.56914434558835e-06
cliente_vip_max3	4.68422942761925e-08	2.16917018968139e-07	1.56914434558835e-06
