Feature	Gain	Cover	Frequency
mcaja_ahorro	0.0734648820880346	0.00918797375795589	0.00741979429259961
mcaja_ahorro_avg3	0.0313411992332489	0.00507883780715256	0.00666381525146682
ctrx_quarter_normalizado	0.0267850384108226	0.00261561562902484	0.00154478475838118
ctarjeta_visa	0.0264764955759238	0.00291499360489399	0.000635292731884261
ctrx_quarter	0.0235346692861331	0.00302001221661294	0.00176395109597651
mcuentas_saldo	0.02115243968735	0.0121700534272866	0.0078561959868423
ctrx_quarter_normalizado_min3	0.0173556450609865	0.0020751425631692	0.00124258624002286
mpayroll	0.0172863682793004	0.00941359552678949	0.00294860790756008
cdescubierto_preacordado_tend3	0.0158407863832568	0.00429806995780898	0.000414195413340954
mpayroll_sobre_edad	0.0148725587999487	0.00991106420059912	0.00273426902233469
mpasivos_margen_max3	0.0142020586528409	0.00390086567832378	0.0048921402316984
mcaja_ahorro_min3	0.0141478172664795	0.0031518932675672	0.00341590529697039
mtarjeta_visa_consumo	0.0129482910157427	0.00390481846379375	0.00256820466080871
cpayroll_trx_ratioavg3	0.0121434222128299	0.00619613892830425	0.00132368743983787
ctrx_quarter_min3	0.00990408277753707	0.00155892570719767	0.00126189604950263
ctrx_quarter_normalizado_max3	0.00969738652127265	0.00197462359748597	0.00221869710922497
Visa_msaldopesos	0.0094817553652237	0.00548376453469172	0.00412167883345579
ctrx_quarter_max3	0.0087771161156881	0.00222517577068138	0.00245234580393013
cdescubierto_preacordado_ratioavg3	0.00871332469782146	0.00353437472425928	0.000787840226774403
Visa_mconsumospesos	0.00854531651885189	0.00297687123000684	0.00530730113551335
ctarjeta_visa_transacciones_ratioavg3	0.00836536206420989	0.00477533720295413	0.00244558737061221
mcuentas_saldo_avg3	0.00811841270463888	0.00364797374449644	0.00599666133394095
Visa_Finiciomora	0.00792068542405184	0.00702181976355174	0.00086604495516745
mactivos_margen	0.00736490487302338	0.0106471623168276	0.00783592068688854
mcuenta_corriente	0.00686398144077471	0.00401120713695716	0.00368720812016108
mcuentas_saldo_min3	0.0068625465905019	0.00210401764993386	0.00324501348307447
Visa_status	0.00673976087249024	0.00141678880997729	0.000273233804138671
ctarjeta_visa_transacciones	0.00666894023225574	0.00243839534511196	0.0013787203968552
mcaja_ahorro_max3	0.00636313270360813	0.00122837683985557	0.00160657614871643
Visa_mpagospesos_ratioavg3	0.00611162550640829	0.00327692163182713	0.00448373776120138
cpayroll_trx	0.0059332683993327	0.00257230627869073	0.000333094213525942
ctrx_quarter_normalizado_avg3	0.00588184735936809	0.00106889252996973	0.00103017833574545
mactivos_margen_avg3	0.00568520398793301	0.00752006134777584	0.00653540501842639
ctrx_quarter_normalizado_ratioavg3	0.0056471824904907	0.00357146561367662	0.0056066031824497
foto_mes	0.0056268577645852	0.00725109058145828	0.00293122907902829
ctrx_quarter_ratioavg3	0.005122335021253	0.00331482601130463	0.00565391221567512
ctarjeta_visa_transacciones_max3	0.00484853017689156	0.00257727635279002	0.00365727791546745
ctrx_quarter_avg3	0.00481986336276873	0.00113146335318199	0.00119238073537547
mcuenta_corriente_min3	0.00462220423951722	0.00437036893111845	0.00642437361391774
cdescubierto_preacordado	0.00444845045392651	0.00126433876623041	0.000232683204231165
cproductos	0.00432157921169578	0.00514301024016783	0.00238379598027696
Visa_cconsumos_ratioavg3	0.00422601381604906	0.00369140129671447	0.00461407897518979
ctarjeta_visa_avg3	0.00413592501221079	0.00113705864965093	0.000269371842242719
cproductos_ratioavg3	0.00409137915930772	0.00560239842141014	0.000613086450982531
mtarjeta_visa_consumo_avg3	0.00407144744650611	0.00145009347697108	0.00165774714383781
Visa_delinquency	0.00402893254924204	0.00298646227106352	0.000678739803213732
Visa_status_max3	0.00394498833383191	0.00153891212820833	0.000463435427514354
ccomisiones_mantenimiento_ratioavg3	0.00393519125233582	0.00845249378999079	0.00299302046936354
Visa_mpagospesos	0.00377884829199321	0.00125641486692436	0.00162685144867018
mpasivos_margen_avg3	0.003737707436619	0.000785143151884997	0.00121362152580322
ccomisiones_mantenimiento_tend3	0.00369686889397293	0.00367540561712735	0.000930732816924662
Visa_msaldopesos_min3	0.00369371573885288	0.00431132355305048	0.00492689788876198
internet_eficiencia3	0.00365663702582431	0.00385430905599493	0.0049172429840221
cproductos_min3	0.00349260057629211	0.00420783172638375	0.00312432717382594
mpayroll_avg3	0.00346051676056047	0.00415148077890951	0.00283950748399941
mcuenta_corriente_eficiencia3	0.00342012872318333	0.0034387808477908	0.00850983303773233
mcaja_ahorro_ratioavg3	0.00338367536106034	0.0015073299417688	0.00197635900025392
mpayroll_ratioavg3	0.00336934881515693	0.00265548046842082	0.00081101199815012
Visa_mpagominimo_max3	0.00325573296011592	0.00588222356769	0.00569446281558263
Visa_mconsumototal	0.00321280798206697	0.00123235531719313	0.0026019968273983
mpayroll_sobre_edad_avg3	0.00315793804660061	0.00348214955630709	0.00243979442776828
mcuentas_saldo_max3	0.00310775456270816	0.000974255876537763	0.00156023260596499
mcomisiones_mantenimiento	0.00304726533940214	0.00575847281916825	0.00390830543870439
Visa_msaldototal_max3	0.00303669071592644	0.00275629156253586	0.00426553691408004
Master_fultimo_cierre_eficiencia3	0.00299440433618602	0.0049745391143615	0.00634037594268076
ctarjeta_debito_transacciones	0.00296221804487205	0.00137657653550087	0.00181512209109789
mpayroll_min3	0.00292127368527236	0.00263205749178421	0.00132272194936389
mtarjeta_visa_consumo_ratioavg3	0.00290159033920575	0.00151547712559115	0.00128120585898239
mpasivos_margen	0.00285552234113414	0.0011218948206451	0.00163554086293608
Visa_status_avg3	0.00281148909958118	0.000410954219743047	0.000124548271144483
ctrx_quarter_normalizado_eficiencia3	0.0028098489379769	0.00271684107283415	0.00695539337461127
Visa_mfinanciacion_limite	0.00280653759711884	0.00266928388249067	0.00319480797842708
ctrx_quarter_eficiencia3	0.00279660133882332	0.0028282862206578	0.00707028674101587
internet_avg3	0.00267410441502572	0.00509656934378571	0.001477200425202
mpayroll_sobre_edad_min3	0.00265140006825782	0.00217786877861286	0.00118562230205756
mtarjeta_visa_consumo_min3	0.00261376745390778	0.00222173251378934	0.00337438920658889
cproductos_tend3	0.00259464696653734	0.00467302305419772	0.000408402470497025
Visa_delinquency_avg3	0.00255511449706829	0.00195967494992931	0.000744393155444932
Visa_Finiciomora_avg3	0.00253538500515228	0.00247604811149326	0.00039488560386119
mpayroll_sobre_edad_ratioavg3	0.00249498987164461	0.00258065970486439	0.000643982146150155
ctrx_quarter_tend3	0.00237167335029225	0.00241277145325548	0.00441808440897018
mrentabilidad_max3	0.0023482197629796	0.00223561245682648	0.00519433875005672
ctarjeta_visa_eficiencia3	0.00228647283192916	0.000769207312805483	0.000348542061109754
mautoservicio_ratioavg3	0.00227075947662754	0.00219257809629411	0.00421533140943265
Visa_status_tend3	0.00225640157553812	0.000542301368607944	0.000167029851999965
mrentabilidad_annual_min3	0.00224902920750844	0.00287082799831212	0.00482745236994119
cmobile_app_trx_max3	0.00224165701991967	0.00272339680784242	0.00516440854536309
mactivos_margen_min3	0.00222631102761109	0.00364778132880728	0.00307219068823057
mpagomiscuentas	0.00221245765867604	0.00483782268672137	0.0023152461566238
cdescubierto_preacordado_min3	0.00219400956788424	0.000449130148434267	0.000192132604323659
mrentabilidad_annual_avg3	0.00213323441014646	0.00223568400176437	0.00329618447819585
cdescubierto_preacordado_eficiencia3	0.00213253957976062	0.000928152897347715	0.000324404799260048
Visa_fechaalta_max3	0.0021139827147323	0.00356205538034389	0.00557184552538613
Master_fechaalta_ratioavg3	0.00210743387868161	0.00393370255396633	0.00636065124263451
cproductos_eficiencia3	0.00206819939183892	0.00161800967129956	0.00225442025676254
mcuenta_corriente_avg3	0.00205824657291814	0.00206119522319281	0.00319480797842708
Master_mfinanciacion_limite	0.00204822850543084	0.00289863074703907	0.00582963148194098
mcuenta_debitos_automaticos	0.00203130858571096	0.00442876316986399	0.00292929809808032
mautoservicio	0.00199893130375736	0.00133603653697635	0.00109872815939862
Visa_mfinanciacion_limite_min3	0.00199757474162121	0.00251375631314329	0.00445380755650774
chomebanking_transacciones_max3	0.00198414381748774	0.00254896655142231	0.00509489323123593
mtransferencias_recibidas_max3	0.0019779290684653	0.00173723595010376	0.00380017050561771
ctarjeta_master_ratioavg3	0.00197125674601406	0.000777113816241248	0.000309922442150225
Visa_fultimo_cierre_eficiencia3	0.00195462503186701	0.00463346214412894	0.00370555243916686
cproductos_avg3	0.00192500119797187	0.00237723870004293	0.00232972851373362
Master_status	0.00188296396581097	0.000854192602347745	0.00020275299953753
internet	0.00188042581949491	0.00358019412825503	0.000990593226311933
cliente_antiguedad	0.00187957177180551	0.00392022297318617	0.00628534298566343
mactivos_margen_eficiencia3	0.00186442279354433	0.00171339984566396	0.00379727403419574
ctrx_quarter_normalizado_tend3	0.00184066665770182	0.002417281099505	0.00403961214316679
mcaja_ahorro_dolares_eficiencia3	0.00181559048052951	0.00345376148960058	0.00491820847449609
mcomisiones_mantenimiento_avg3	0.00181329184899491	0.00351910793485294	0.00339273352559467
mcomisiones_mantenimiento_eficiencia3	0.00178724875810554	0.00224927371351636	0.00261647918450813
Visa_msaldopesos_avg3	0.00177687446182354	0.00188290887147273	0.00248903444194168
mcuentas_saldo_tend3	0.00174271811464765	0.00372124187035791	0.00162298948677423
mcomisiones_otras_eficiencia3	0.0017339399470801	0.00173167457718964	0.00492110494591805
mcuenta_corriente_tend3	0.00173392755866415	0.00372805584239821	0.00144244276813843
Visa_mpagominimo	0.00173322783479855	0.00288048238477449	0.0017156765722771
Master_msaldopesos	0.00172405586858157	0.00441865401483683	0.00353948807764088
mcomisiones_ratioavg3	0.00170781801009983	0.00169861785761882	0.00503310184090069
mrentabilidad_annual	0.0016340216818868	0.00167789268785391	0.00374224107717841
mrentabilidad_annual_eficiencia3	0.0015826037657154	0.00228010553021623	0.0053604031115827
Visa_Fvencimiento_eficiencia3	0.00157831495700176	0.00217046382930802	0.00489793317454233
Visa_msaldototal	0.00157816274190006	0.00199359017659987	0.00153319887269332
cliente_antiguedad_avg3	0.00157455034122337	0.00399199257826526	0.00487379591269263
Master_Fvencimiento_max3	0.00157089934435683	0.00213094851506932	0.00535557565921276
mpayroll_sobre_edad_eficiencia3	0.0015700400892299	0.00344429787892093	0.00136906549211532
ccaja_ahorro_tend3	0.00153121432243775	0.00357133345651044	0.000248131051814977
mcuenta_corriente_max3	0.00152190721416877	0.000974913607640987	0.00131499802557198
Visa_Fvencimiento_ratioavg3	0.00150545327780745	0.00181633117803295	0.00488731277932846
Master_mlimitecompra	0.00149786235231113	0.00197403249160132	0.00489117474122442
mrentabilidad_annual_max3	0.00148225934601066	0.00143763282472668	0.00193967036224237
cliente_edad_max3	0.00147451676367262	0.00517070758471212	0.00372293126769865
ccaja_ahorro_ratioavg3	0.00145615381295295	0.00538889408204922	0.000332128723051954
kmes_eficiencia3	0.00144238449180086	0.00219257902878993	0.00291771221239246
mttarjeta_visa_debitos_automaticos_eficiencia3	0.00143062586944176	0.0023580556211237	0.00421436591895866
Visa_mpagospesos_max3	0.00142730337533586	0.00155242990916208	0.00276419922702833
ccomisiones_mantenimiento_eficiencia3	0.0014159963800824	0.00199751292927344	0.00197539350977994
mpayroll_eficiencia3	0.00141275810016031	0.00365939527484734	0.0014694765014101
Visa_mpagospesos_tend3	0.00141159753292521	0.00323265412596069	0.00429643260924766
Visa_mpagospesos_eficiencia3	0.00140960245973703	0.00251424789921545	0.00558439690154797
Visa_fechaalta_eficiencia3	0.00140868541444353	0.00192806170173248	0.00414774707625347
Master_fechaalta_eficiencia3	0.001407915739721	0.00247354378142665	0.0046710429131551
Visa_mpagominimo_tend3	0.00138923390193343	0.00282914839343075	0.00215014728557181
mtarjeta_visa_consumo_max3	0.00138345345770421	0.000678708882891509	0.000905630064600968
cextraccion_autoservicio	0.00137922207261849	0.000841669955208836	0.00152450945842743
Master_Finiciomora	0.00137284119480621	0.00305132532977593	0.000266475370820754
cpayroll_trx_min3	0.0013725420257575	0.000837541860524746	0.000110065914034659
Visa_cconsumos	0.00135336353472393	0.0006846043143943	0.00109486619750266
kmes_min3	0.00133792244021013	0.00124923419894169	0.00316101581183749
cpayroll_trx_avg3	0.0013093664297368	0.000601931710950167	0.000226890261387236
mcomisiones_tend3	0.00130855050767294	0.00147415058292016	0.0035134198348432
Visa_msaldototal_ratioavg3	0.00130763812637381	0.00200758092586441	0.0023229700804157
mcomisiones_otras_min3	0.00129478352517057	0.00161832318282517	0.00334445900189526
mcuentas_saldo_ratioavg3	0.00128514828780252	0.00279698217521279	0.00192036055276261
ctarjeta_master_tend3	0.00128014196147535	0.000286033799913016	7.24117855491179e-05
mcuenta_corriente_ratioavg3	0.00126728861451655	0.00130594113473389	0.00219649082832324
ctarjeta_debito_transacciones_eficiencia3	0.00126366848306345	0.00218924394141299	0.00517116697868101
chomebanking_transacciones_eficiencia3	0.00126277341550067	0.00123346511583877	0.00342169823981432
Visa_fultimo_cierre_max3	0.00124560641817374	0.00170350329968371	0.00274488941754856
Visa_msaldopesos_ratioavg3	0.00123890224510055	0.00127343175805424	0.0013458937207396
Master_status_eficiencia3	0.00122766259289995	0.000523537301862079	0.000126479252092459
ccaja_ahorro_max3	0.00122658018264352	0.00419475144674462	0.000442194637086613
Visa_mlimitecompra_min3	0.0012264109672272	0.00197467440243063	0.00359934848702815
Master_mfinanciacion_limite_avg3	0.001215336009483	0.0017088142813927	0.00387837523401075
mcuentas_saldo_eficiencia3	0.00121028029597552	0.00127676732775661	0.0034970064967854
numero_de_cliente	0.00119714220937348	0.00247231697063313	0.00431381143777945
ccallcenter_transacciones_ratioavg3	0.00119328829144337	0.0019879436571709	0.00167995342473954
internet_max3	0.00119028655529373	0.00266079263986585	0.000499158575051919
cpayroll_trx_eficiencia3	0.00118190049283024	0.00122530683853167	0.000906595555074956
ccuenta_debitos_automaticos_ratioavg3	0.00118002785832753	0.00301806092087752	0.00244365638966423
mcaja_ahorro_eficiencia3	0.00116264485640368	0.00131692683583163	0.00348638610157153
mtarjeta_visa_consumo_eficiencia3	0.00115820882176528	0.00163205710987894	0.00427808829024188
Visa_status_eficiencia3	0.00114294303692725	0.000576910500788522	0.000197925547167589
mtransferencias_emitidas_ratioavg3	0.00113570550483598	0.00227520671165958	0.00372486224864662
mcaja_ahorro_tend3	0.0011184185541726	0.00127998344152896	0.00139030628254306
kmes	0.00111366895104199	0.000916045435933804	0.00232200458994171
mtransferencias_emitidas_eficiencia3	0.00111113639855895	0.00289938577925784	0.0030702597072826
cdescubierto_preacordado_avg3	0.00110745372329548	0.000486703781290997	0.000232683204231165
mcomisiones_mantenimiento_ratioavg3	0.00110421652613301	0.00128309772032678	0.00121072505438125
Visa_mconsumospesos_avg3	0.00110278918916913	0.00183050025908427	0.00374706852954835
Visa_cconsumos_eficiencia3	0.0011019655626045	0.00142163965323176	0.00400775095752518
Master_mlimitecompra_avg3	0.00110192208269534	0.00158470883075412	0.00357810769660041
cmobile_app_trx_eficiencia3	0.00109490449349927	0.00165310952136654	0.00285109336968727
internet_ratioavg3	0.00108221496442434	0.0012339480200533	0.000763702964924697
mcomisiones_max3	0.00107692266749837	0.00110874158124683	0.00261358271308616
mactivos_margen_max3	0.00107496590266807	0.0022275272357436	0.00157374947260083
ccomisiones_otras_max3	0.00105855645332404	0.00165208454768546	0.00247262110388388
ctransferencias_emitidas_eficiencia3	0.00105723662800359	0.00130053015088698	0.00323535857833459
Visa_fechaalta_ratioavg3	0.00105721804303356	0.0018284618875323	0.00311660325003403
Master_fultimo_cierre_ratioavg3	0.00105370269535981	0.00139383703312492	0.00376927481045008
tmobile_app_avg3	0.00105171850012032	0.000887045587659459	0.00198601390499381
thomebanking_avg3	0.00105145290212139	0.00144399559741032	0.00201594410968744
mcomisiones_otras	0.00103327481632763	0.00128571681168928	0.00292157417428841
Visa_mpagominimo_avg3	0.00103058627669538	0.00176683163105191	0.00147913140614998
Visa_mpagominimo_eficiencia3	0.00102909134119088	0.00169300924896818	0.003776033243768
thomebanking	0.0010290434583843	0.00168714851274089	0.00129086076372227
Visa_mpagominimo_ratioavg3	0.00101762447383297	0.00220906918840176	0.00278737099840404
ctransferencias_recibidas_avg3	0.00100923703807246	0.00215373829488927	0.00293412555045026
mrentabilidad_tend3	0.00100891491261628	0.00144211636109324	0.00268309802721331
ccaja_ahorro	0.00100438600754208	0.00254842493212616	0.000286750670774507
mpasivos_margen_ratioavg3	0.000999071821570144	0.00133091945008782	0.00282792159831155
Visa_mconsumototal_min3	0.000992861858966766	0.00116289273892719	0.00316970522610339
Master_fechaalta_max3	0.000978353181507005	0.00172936311298259	0.00297274516940979
cpagomiscuentas_ratioavg3	0.000976305142098019	0.00203960640152365	0.00274295843660059
mrentabilidad	0.000964537045543456	0.000996162647126441	0.00167995342473954
mpayroll_max3	0.00096009942796038	0.00104161458345914	0.000703842555537426
Visa_mlimitecompra	0.000954872016960787	0.0011964620096486	0.00269468391290117
mcaja_ahorro_dolares_min3	0.000954085691827025	0.0017879433042566	0.00292350515523639
Master_Fvencimiento_ratioavg3	0.000953103775325436	0.00106974856113229	0.00296791771703984
Visa_msaldototal_min3	0.000952393947681121	0.00105896572610788	0.00136037607784943
Visa_mpagospesos_avg3	0.000942395478211922	0.00052761320893529	0.00106300501186105
Visa_cconsumos_tend3	0.000939793945427998	0.00220340199328962	0.00258461799886651
Visa_msaldototal_avg3	0.000928810355057864	0.000796492847902741	0.00120396662106333
cliente_antiguedad_eficiencia3	0.000926998665111815	0.00176795278042253	0.00293509104092425
chomebanking_transacciones_ratioavg3	0.000925251842256092	0.00106873638515246	0.00300846831694735
ctarjeta_visa_debitos_automaticos_ratioavg3	0.000922166038408408	0.00128566423821806	0.00182188052441581
active_quarter_avg3	0.000919564466848303	0.00050347995987927	0.00061405194145652
ctransferencias_recibidas_eficiencia3	0.00091315128510938	0.0010765467450537	0.00298915850746759
mrentabilidad_min3	0.000913123222172715	0.00109414027230553	0.00143761531576849
ctarjeta_visa_min3	0.00090721248832436	0.000589429192858954	0.000141927099676271
Visa_msaldopesos_max3	0.000903093257849223	0.000922029197299248	0.00118851877347952
internet_min3	0.000901756229465033	0.00079381166518066	0.00107072893565296
Master_Fvencimiento_eficiencia3	0.000900455047800288	0.00101569923842645	0.00292736711713234
mpayroll_sobre_edad_max3	0.000900034601729711	0.00080197354385093	0.00052619230832359
cliente_edad	0.000897324919515826	0.00412688681260847	0.00251896464663531
ctarjeta_master_transacciones	0.000891414642778171	0.00161641140561949	0.00107169442612694
mtransferencias_recibidas_ratioavg3	0.000889792999458854	0.00108971680153176	0.00281343924120173
cdescubierto_preacordado_max3	0.000883777474147481	0.000162701967099543	0.000195994566219612
cliente_edad_min3	0.000878866656916623	0.00325845361642653	0.00223221397586081
ctransferencias_recibidas_ratioavg3	0.000854986721732028	0.000494899519206033	0.00138547883017312
mplazo_fijo_dolares_ratioavg3	0.000850823976465607	0.00540351159712477	0.000804253564832203
active_quarter_eficiencia3	0.000841820941495681	0.000287552417588063	0.000555157022543237
ctarjeta_visa_transacciones_tend3	0.000840494013469251	0.00127660999320329	0.00126575801139858
Master_status_tend3	0.000839603044307739	0.000561797733967587	0.000304129499306295
Master_delinquency	0.000835300540789048	0.00161563855951507	0.000280957727930577
Visa_fultimo_cierre_tend3	0.000833987072748855	0.000475172152123312	0.000842873183791732
Visa_Fvencimiento_tend3	0.000826040480079487	0.000938892387394015	0.00124837918286679
mpasivos_margen_tend3	0.000824512167980308	0.00146809678790315	0.0019290499670285
cliente_antiguedad_min3	0.000818916752992135	0.00198335568127252	0.00258075603697056
ccaja_seguridad_min3	0.000805188856469111	0.00282762041864248	0.000334059703999931
cmobile_app_trx_tend3	0.000801994156248157	0.00091316582453228	0.00167802244379156
mtransferencias_recibidas_eficiencia3	0.000799952999789605	0.00100669444784516	0.00264061644635783
mcomisiones_otras_avg3	0.000791205801641664	0.00100003848561377	0.00234034890894749
Visa_mpagado_eficiencia3	0.000791205416737711	0.00197863599837835	0.00177843345308634
tmobile_app	0.00078970422709565	0.000843960036322092	0.00151968200605749
Visa_mpagominimo_min3	0.00078730708880537	0.00183936125237914	0.00148782082041588
Visa_msaldototal_eficiencia3	0.000787187990484931	0.00121763191560949	0.0029795036027277
ccaja_seguridad	0.000781058564509983	0.00318503793114034	0.000243303599445036
Master_status_max3	0.000768203005084526	0.000439981142551193	0.000192132604323659
Visa_Fvencimiento_max3	0.000767270605972708	0.00100460662185971	0.00240600226117869
ctarjeta_visa_transacciones_avg3	0.000763846703384671	0.000623471753441447	0.000781081793456485
Visa_Finiciomora_max3	0.000761677691370911	0.000494036928417712	8.20666902890003e-05
ccallcenter_transacciones_tend3	0.000756140458895317	0.00257834078069078	0.000936525759768591
mcuenta_debitos_automaticos_avg3	0.000753118432416796	0.00166171803337945	0.00211538962850823
mtransferencias_recibidas	0.000745319848547854	0.00198299802089309	0.000955835569248356
thomebanking_eficiencia3	0.000741677965387291	0.00113325352007076	0.00189718878138689
Visa_fultimo_cierre_min3	0.00073968678695431	0.000613597908911154	0.00087666535038132
ctransferencias_recibidas	0.000739177408430761	0.00138510909733702	0.00171760755322508
Visa_msaldototal_tend3	0.00073553187547674	0.00131155212285662	0.00192229153371058
Visa_status_ratioavg3	0.00073505538248814	0.000669191573314653	9.75145378728121e-05
Master_status_ratioavg3	0.000719543118243883	0.000570596860988075	9.84800283468003e-05
Visa_msaldopesos_eficiencia3	0.000713782691487452	0.00102622653744121	0.00260296231787229
mautoservicio_max3	0.000711903502414991	0.00086194630508918	0.00162974792009215
ctarjeta_debito_transacciones_ratioavg3	0.000710321913592837	0.000816049407475302	0.00125996506855465
Visa_fultimo_cierre_avg3	0.000706827280897228	0.000840886883805423	0.00133913528742169
Master_mpagominimo_tend3	0.0007067975047088	0.00319881594273786	0.00168671185805745
mpayroll_tend3	0.000701777580876226	0.00199566687694554	0.000637223712832237
mpagomiscuentas_avg3	0.000697582079779109	0.00157112136985412	0.00203718490011518
mcaja_ahorro_dolares	0.000696000628906221	0.00188767910207133	0.00179677777209211
mcaja_ahorro_dolares_ratioavg3	0.000695199869568625	0.0025133781057008	0.00129955017798817
mactivos_margen_ratioavg3	0.00069325778238378	0.00187153718141565	0.00170022872469329
Visa_mfinanciacion_limite_avg3	0.000688791574673928	0.00105502853582662	0.00207387353812674
Master_fultimo_cierre_max3	0.000686304558083807	0.00106076563597022	0.00167126401047364
Visa_fechaalta	0.000684407837361863	0.0011753074416362	0.00188560289569903
ctarjeta_master	0.000684121141849084	0.000160635266967665	0.000121651799722518
cliente_edad_avg3	0.000678082403653084	0.00231592349852952	0.00175815815313258
Master_fechaalta	0.000677920489083277	0.00110133206592797	0.00170698715801121
Master_msaldopesos_avg3	0.000676754135518704	0.00136775062334184	0.00202173705253137
mrentabilidad_ratioavg3	0.000676376744895489	0.000744748236848022	0.00195608370030017
cmobile_app_trx_ratioavg3	0.000675218823948093	0.000884847116221739	0.00185277621958343
mautoservicio_avg3	0.000675120515963674	0.000607017832546478	0.000687429217479626
matm	0.000674052676779243	0.00072353833003197	0.0014936137632598
kmes_avg3	0.000663632114320405	0.000663829336490603	0.00151388906321356
tcallcenter_eficiencia3	0.000660034445907747	0.000904557216054281	0.00156892202023089
Master_msaldototal_ratioavg3	0.000652990326459779	0.00122839008772721	0.00168091891521352
Master_Fvencimiento	0.000646013282057935	0.000773115499251247	0.00213566492846198
Visa_cconsumos_max3	0.000642819811069505	0.00153396234393188	0.00212697551419609
ctarjeta_visa_ratioavg3	0.000640923270504443	0.000337137336169153	9.94455188207885e-05
Visa_Finiciomora_tend3	0.000633389861064421	0.00031808786139238	6.56533522312002e-05
Visa_mconsumosdolares_max3	0.000631718615515508	0.00117876671173231	0.0023393834184735
ccomisiones_otras_eficiencia3	0.00063018157100568	0.000617864688232165	0.00197635900025392
Visa_mconsumospesos_min3	0.000628259862150574	0.000711415948684943	0.00183153542915569
ccajas_transacciones_eficiencia3	0.00062725110476221	0.00127064427080871	0.00189911976233486
ccajas_consultas_ratioavg3	0.000625681235369836	0.00257737567967234	0.00120107014964137
mtransferencias_emitidas_max3	0.000624442623508706	0.00138458008281195	0.00179581228161812
ctarjeta_visa_transacciones_min3	0.000621613571352739	0.000541968306825143	0.000752117079236838
ccaja_ahorro_avg3	0.000620143076836522	0.00229968578804462	0.000292543613618436
mactivos_margen_tend3	0.00061946944281487	0.0010096116163197	0.00134106626836966
mttarjeta_visa_debitos_automaticos	0.000618635477130907	0.000569267089794047	0.00171471108180311
Master_fultimo_cierre_avg3	0.000616926690764615	0.000733647774454384	0.00126768899234656
Master_fultimo_cierre_tend3	0.000614876501301538	0.00130963999194562	0.00193387741939844
Visa_mconsumospesos_eficiencia3	0.00061304428204532	0.000754205963157497	0.00226504065197641
mttarjeta_visa_debitos_automaticos_min3	0.000610838782736119	0.00110240308560953	0.00224862731391861
mpayroll_sobre_edad_tend3	0.000608237964734763	0.00169386692003718	0.00071253196980332
cmobile_app_trx_avg3	0.000608118156925206	0.000786158929227987	0.00149940670610373
mcomisiones	0.000604268052742863	0.000565377649729763	0.00139609922538699
mcomisiones_mantenimiento_max3	0.000603514047047246	0.00105370448822762	0.00099735165962985
mextraccion_autoservicio_max3	0.000599177709169193	0.000979479621655061	0.00199566880973369
Visa_mlimitecompra_avg3	0.000598168808370561	0.000975679894119645	0.0017156765722771
Master_mconsumototal	0.000591975134967668	0.000954886266299552	0.00144340825861242
mcuenta_debitos_automaticos_min3	0.000586620038883633	0.00125974426286129	0.00117017445447374
mttarjeta_visa_debitos_automaticos_ratioavg3	0.000585476781746389	0.00099977703307892	0.00124837918286679
Visa_fultimo_cierre_ratioavg3	0.000579107180481081	0.0007554990776193	0.0020690460857568
mcomisiones_eficiencia3	0.000573810460810999	0.000580393469140469	0.00169347029137537
Master_mfinanciacion_limite_min3	0.00057347670281187	0.000801039568899854	0.00179098482924818
ctarjeta_visa_debitos_automaticos_max3	0.000569827225717108	0.00110747377279227	0.00174271030554877
catm_trx_eficiencia3	0.000566142285933971	0.000927463750781872	0.0022495928043926
mcaja_ahorro_dolares_tend3	0.000563575842772662	0.00253344721642395	0.000838045731421791
Visa_mconsumototal_eficiencia3	0.000562477227544812	0.000728851594747967	0.00208159746191864
chomebanking_transacciones_tend3	0.000561303482688256	0.00247327917769903	0.00149168278231183
mtarjeta_master_consumo_ratioavg3	0.000560225217577584	0.00123181826391099	0.000888251236069179
Visa_mfinanciacion_limite_eficiencia3	0.000558786186864315	0.000841649054440462	0.00124065525907489
Visa_delinquency_eficiencia3	0.000557474712164569	0.00106755523449909	0.000396816584809166
Master_mlimitecompra_min3	0.000557337870228098	0.000746162897316678	0.0018141566006239
mcomisiones_mantenimiento_min3	0.000552005993672759	0.00111289794020076	0.00111900345935237
Visa_Fvencimiento_min3	0.000550913002739188	0.000740554481596208	0.00178422639593026
Master_fultimo_cierre_min3	0.000545920240863614	0.00073516918961689	0.00110452110224254
active_quarter	0.00054532857187018	0.000368191215494237	0.000420953846658872
mextraccion_autoservicio_ratioavg3	0.000544251232322746	0.000762648008589068	0.00155347417264708
mcaja_ahorro_dolares_avg3	0.000536150917437951	0.00104594908126969	0.00166160910573376
Visa_fechaalta_min3	0.000533606130885254	0.000954490823761911	0.00150423415847368
Master_fechaalta_tend3	0.000532872753542403	0.000773873779127866	0.00108810776418474
Visa_Fvencimiento	0.000532166564495531	0.000669192409345387	0.00167898793426555
ccaja_ahorro_eficiencia3	0.000529901694802822	0.00163277416700932	0.000142892590150259
chomebanking_transacciones_avg3	0.000528693128594554	0.000763735877505435	0.0014279604110286
mtarjeta_visa_consumo_tend3	0.000522389650847894	0.000657051345926937	0.000793633169618332
ccallcenter_transacciones_eficiencia3	0.000517273354970468	0.00077431838670373	0.00141734001581473
cpayroll_trx_tend3	0.000516692364165516	0.00108063191277506	0.000539709174959425
cextraccion_autoservicio_eficiencia3	0.000514822881358998	0.000859678636030627	0.00208352844286662
catm_trx_ratioavg3	0.000514287970054089	0.000977548872982702	0.0022409033901267
mcuenta_debitos_automaticos_eficiencia3	0.000507669063425623	0.000911401896146576	0.00172726245796496
Master_fechaalta_min3	0.000507342217570363	0.000839641069390202	0.00143278786339855
matm_eficiencia3	0.000503330675136276	0.000826712336399296	0.00198311743357184
Visa_Finiciomora_ratioavg3	0.000501825392089037	0.000434903895742685	6.95153141271532e-05
mrentabilidad_annual_ratioavg3	0.000501011430313201	0.000550519711507853	0.00137775490638122
cextraccion_autoservicio_avg3	0.000499522786797997	0.000847390366892764	0.00174560677697073
Master_mpagominimo	0.000498532372199808	0.00161184018249084	0.00102535088337551
ccomisiones_otras_ratioavg3	0.000498249847533428	0.000681579201489863	0.00170602166753722
Visa_mconsumototal_avg3	0.000492889867731834	0.000734392967234498	0.00166836753905168
Visa_fechaalta_avg3	0.000490930155191548	0.000931817798849603	0.00132079096841591
cmobile_app_trx	0.000489234165748103	0.000722149490051013	0.00115183013546797
Master_mpagominimo_max3	0.000486144709375386	0.00152932086206646	0.00142216746818468
mttarjeta_visa_debitos_automaticos_avg3	0.000480526716572355	0.000743873813009298	0.00157374947260083
mrentabilidad_eficiencia3	0.000476698698748077	0.000429945751158881	0.00129086076372227
ctarjeta_visa_debitos_automaticos_eficiencia3	0.000469559434521986	0.000808417990306371	0.00150133768705171
Master_msaldototal_eficiencia3	0.000466117270208199	0.000945741858585521	0.00162878242961816
ctarjeta_debito_transacciones_avg3	0.000460532216445837	0.000649706558679988	0.00152354396795344
Visa_Finiciomora_min3	0.000459916276396499	0.000817627061782249	0.000130341213988412
Master_mpagominimo_ratioavg3	0.000458992647030567	0.000879871865162897	0.00131982547794192
mautoservicio_tend3	0.000455478996544106	0.0010563249301013	0.00175043422934068
mrentabilidad_avg3	0.000451400114590625	0.00068862825894183	0.00113734777835814
mcomisiones_otras_max3	0.000450083054748053	0.000546169747128713	0.00124451722097084
cmobile_app_trx_min3	0.000448765290429929	0.000784127663937261	0.000824528864785956
Master_delinquency_avg3	0.000447173199156808	0.000876271402337658	0.000208545942381459
mpagomiscuentas_eficiencia3	0.000444158963425964	0.000914220702389644	0.00186918955764123
mrentabilidad_annual_tend3	0.000441839833686564	0.000706868552432236	0.00137196196353729
mcomisiones_mantenimiento_tend3	0.000440501756908264	0.00156179885543851	0.000420953846658872
ctarjeta_debito_max3	0.000438938312786903	0.000699312763889791	0.0012966537065662
Visa_mconsumosdolares_eficiencia3	0.000437892340930532	0.000864588001436548	0.00174174481507478
mtransferencias_recibidas_avg3	0.000434104046620114	0.000614343648326748	0.000960663021618297
Visa_fultimo_cierre	0.000433307717583676	0.000487838950253946	0.0012725164447165
mextraccion_autoservicio_eficiencia3	0.000428947349204361	0.000967450296959842	0.00177360600071639
Master_Fvencimiento_avg3	0.000428755955412589	0.00053577415510974	0.00138065137780318
mttarjeta_visa_debitos_automaticos_tend3	0.000427765365770458	0.00126283879847176	0.000684532746057661
Visa_mconsumospesos_ratioavg3	0.000427295916859317	0.000462052900589916	0.00111127953556046
ccomisiones_mantenimiento_max3	0.000426164977814466	0.00178182986166215	0.000590880170080802
mtarjeta_master_consumo_max3	0.000426066951025675	0.000987764718393655	0.000874734369433344
chomebanking_transacciones	0.000423653938463219	0.00096245498116336	0.00121265603532923
Visa_delinquency_ratioavg3	0.0004233986817561	0.000394118393577337	0.000112962385456624
Visa_mpagado	0.000420719591663878	0.000391715673400057	0.000419022865710895
mtransferencias_emitidas_tend3	0.000418661417985798	0.0015586522929923	0.00167319499142162
mtransferencias_recibidas_min3	0.000418620555855734	0.00136262562631635	0.000544536627329367
ccajas_consultas_eficiencia3	0.000417346508409446	0.00132455310819604	0.00132851489220782
Visa_mconsumosdolares	0.000416526452237795	0.000480850633650378	0.000775288850612555
cproductos_max3	0.000416241679792116	0.000809004690952151	0.000824528864785956
Visa_fechaalta_tend3	0.000415469813943313	0.000512957976011583	0.000636258222358249
ccaja_seguridad_eficiencia3	0.000411552860951809	0.00177222113533993	0.00021916633759533
Master_Fvencimiento_min3	0.000409054112523288	0.000699895348691953	0.00131113606367603
mpasivos_margen_eficiencia3	0.000406662320353986	0.000794025946289038	0.00146754552046212
tmobile_app_eficiencia3	0.000402732846244743	0.000881997859166901	0.00107748736897087
ccomisiones_mantenimiento	0.000401360960578388	0.000834996211246815	0.000318611856416119
Master_msaldototal_tend3	0.000400393533126114	0.00155267145773443	0.00131210155415002
cpayroll_trx_max3	0.000392904028603623	0.000515999841685747	0.000353369513479695
cliente_antiguedad_ratioavg3	0.000387209882874897	0.000843400956845594	0.0012889297827743
Master_fechaalta_avg3	0.000384552180693247	0.000694723662565421	0.00118948426395351
Visa_mconsumototal_ratioavg3	0.000384155239043874	0.00042376790204281	0.00100700656436973
Visa_msaldopesos_tend3	0.000383765819699288	0.000800660911286968	0.00111321051650844
tmobile_app_min3	0.000383528242085504	0.000259175283591159	0.00049336563220799
Master_msaldototal	0.000383026710921462	0.00109670167754731	0.000830321807629885
Master_msaldototal_max3	0.000376488616763301	0.000829277825329668	0.00117886386873964
kmes_ratioavg3	0.000375679055179601	0.000340991148462116	0.000877630840855309
mcuenta_debitos_automaticos_ratioavg3	0.000375607589819817	0.000838928449653724	0.000994455188207885
ccajas_consultas_tend3	0.000374754089300616	0.00327247989699731	0.000564811927283119
mtarjeta_master_consumo	0.00037464307057319	0.00131211072000769	0.00040550599907506
matm_avg3	0.000374279718398189	0.00071975853861408	0.00156988751070488
Visa_Fvencimiento_avg3	0.000372250814286212	0.000398249896694423	0.00112769287361826
cliente_antiguedad_max3	0.000369286096979354	0.000804568004461772	0.0011247964021963
mpasivos_margen_min3	0.000365963984705034	0.000465960829795454	0.000973214397780144
ctransferencias_emitidas_avg3	0.000365435683968259	0.00111256854409119	0.00117113994494773
ccallcenter_transacciones_max3	0.000362147333691691	0.000960681052563864	0.000807150036254167
ctarjeta_debito_transacciones_min3	0.000359678659801028	0.000789520190797939	0.00144823571098236
mcomisiones_min3	0.000357915998171172	0.000422850937101688	0.00094811164545645
kmes_max3	0.000357255801749395	0.000259404356012541	0.000735703741179038
Visa_delinquency_max3	0.000352545826549215	0.000267622216587026	0.000132272194936389
ccomisiones_otras_avg3	0.00035249413816537	0.00047467792933883	0.000923974383606744
Visa_msaldodolares_eficiencia3	0.000351681218151183	0.00104759564380221	0.00154575024885517
Visa_mconsumototal_max3	0.000350192560406358	0.000531826546599319	0.00105817755949111
matm_other_eficiencia3	0.000349887728579777	0.000805773978796968	0.00149168278231183
mcomisiones_avg3	0.000349341020359275	0.000431239347946108	0.00103693676906337
Visa_mpagado_max3	0.000347263510148957	0.00030313821702985	0.000399713056231131
Master_mfinanciacion_limite_eficiencia3	0.000345350000196137	0.000425924829184008	0.00089887163128305
mcomisiones_otras_ratioavg3	0.000343920422748956	0.000390198245461056	0.00117596739731767
cpagomiscuentas_eficiencia3	0.00034039991996111	0.000777315267493348	0.00142120197771069
ctransferencias_recibidas_max3	0.000339986861038876	0.000874722751866209	0.000636258222358249
mcomisiones_otras_tend3	0.000339781686365173	0.000382231194107063	0.000885354764647215
ccheques_emitidos_rechazados_avg3	0.000338554988903379	0.00270722060992661	0.000176684756739848
Master_mpagominimo_eficiencia3	0.00033670755118844	0.000805410884217764	0.00133044587315579
Master_msaldopesos_min3	0.000336453317521501	0.00128288279611784	0.000863148483745485
Master_mconsumospesos	0.000336226929081221	0.000533039016250225	0.000838045731421791
ccajas_consultas_max3	0.000335934014591793	0.00253691085960391	0.000625637827144379
ccuenta_debitos_automaticos_tend3	0.000334110461454779	0.00259287964456718	0.000503020536947872
mtransferencias_recibidas_tend3	0.000333312657370405	0.000885537356058543	0.00116824347352577
Visa_mconsumosdolares_ratioavg3	0.000331012863578055	0.000844255444566791	0.00128989527324829
Visa_mlimitecompra_eficiencia3	0.000327235956025066	0.000541452218621439	0.000895009669387097
ctarjeta_master_transacciones_ratioavg3	0.000326181843027938	0.000929911648773868	0.000443160127560601
mprestamos_hipotecarios_max3	0.00032312424701602	0.00357638780893882	0.000195029075745624
Visa_mpagospesos_min3	0.000320868549802528	0.000490768048243975	0.00103114382621944
Visa_mconsumototal_tend3	0.000318704622365039	0.000457635732201695	0.00100797205484372
ctarjeta_visa_transacciones_eficiencia3	0.00031567150392679	0.000453420626011111	0.00108424580228879
mautoservicio_eficiencia3	0.000314256425450571	0.000558640270966799	0.00129568821609222
thomebanking_ratioavg3	0.000312779249530679	0.000797957155735043	0.000518468384531684
ctarjeta_visa_debitos_automaticos_tend3	0.00031245341720618	0.000823485900862872	0.000450884051352507
ccaja_seguridad_avg3	0.000310706616248143	0.00121939793407203	0.000143858080624248
Visa_cconsumos_avg3	0.000306484226766472	0.000599094930046296	0.00109390070702867
Master_mpagospesos_max3	0.000303979069130226	0.000686380976171199	0.00108714227371076
Master_mpagominimo_avg3	0.000303654342329006	0.000588058649089081	0.000686463727005638
Master_mlimitecompra_eficiencia3	0.0002949350624655	0.000585856704908308	0.000960663021618297
Visa_cconsumos_min3	0.000294318902066274	0.000458032332320354	0.000966455964462227
Master_Finiciomora_avg3	0.000293511719873662	0.000728246565736074	7.53082569710826e-05
Master_mfinanciacion_limite_max3	0.000291170813086381	0.000427360679816293	0.000951973607352403
ccaja_ahorro_min3	0.000290022723000101	0.00121194504162005	0.000238476147075095
cplazo_fijo	0.000287785886338331	0.00237115184965686	0.00022495928043926
mcaja_ahorro_dolares_max3	0.000287708800336078	0.000491319024653349	0.000885354764647215
Visa_mlimitecompra_max3	0.000282818643983553	0.000432432717510223	0.000837080240947803
Visa_cadelantosefectivo	0.000282084786641364	0.000968123044461268	0.000295440085040401
ccaja_seguridad_ratioavg3	0.000280047810579657	0.00156230902711701	0.000117789837826565
Master_mlimitecompra_max3	0.000278243395450844	0.000433087940521242	0.000843838674265721
ctarjeta_master_transacciones_avg3	0.000273243866438904	0.000629246185572866	0.000748255117340885
Master_mconsumototal_avg3	0.000273151154563459	0.000662218240954257	0.00100700656436973
Visa_mconsumospesos_tend3	0.000273044577032016	0.00048451694997351	0.000987696754889968
ctarjeta_master_min3	0.000271175653456586	7.46443610713459e-05	5.50329570173296e-05
Master_Fvencimiento_tend3	0.000270715616219117	0.000448080029521086	0.000644947636624143
ccomisiones_mantenimiento_avg3	0.000270529330424297	0.000872852711887219	0.000497227594103943
ccuenta_debitos_automaticos_eficiencia3	0.000269185089624881	0.000489850311582174	0.000952939097826391
Visa_mpagado_avg3	0.00026716736700008	0.000536801765503133	0.000814873960046073
mpagomiscuentas_ratioavg3	0.000265700297275302	0.000625002493562152	0.000660395484207955
cprestamos_hipotecarios_eficiencia3	0.000260267805548247	0.00149042347100599	0.000106203952138706
Master_msaldopesos_eficiencia3	0.000259496995965859	0.000500674015647508	0.000901768102705015
Master_fultimo_cierre	0.000255858614833438	0.000386460577130197	0.000993489697733897
active_quarter_min3	0.000254719346645997	0.000177065103746463	0.000272268313664683
ccajas_transacciones_ratioavg3	0.000253369559763385	0.00103220174556913	0.00044412561803459
chomebanking_transacciones_min3	0.000251359335129723	0.000470339765855064	0.000672946860369802
Master_cconsumos_max3	0.000249331537423398	0.000663935898254284	0.00087666535038132
cforex_eficiencia3	0.000248738521874118	0.000720868562344924	0.00100604107389574
mpagomiscuentas_min3	0.000248724817729217	0.000699697627423133	0.000755979041132791
Visa_mconsumospesos_max3	0.000245960372935585	0.000427511358278758	0.000848666126635662
Master_mconsumospesos_min3	0.000245305720165095	0.000581192392972819	0.000869906917063403
ccomisiones_otras	0.000244638080733283	0.000240099023675838	0.00063046527951432
Master_status_avg3	0.000240201097511801	0.00013855354087018	9.84800283468003e-05
Master_Finiciomora_min3	0.000239937741148072	0.00110723145249924	0.0001313067044624
tcallcenter_ratioavg3	0.000234158961879579	0.000452218478124279	0.000292543613618436
cextraccion_autoservicio_ratioavg3	0.00023358567036458	0.000375749705059056	0.000715428441225285
Visa_mfinanciacion_limite_max3	0.000233515231807016	0.000358464544528327	0.000737634722127014
catm_trx_other_eficiencia3	0.000232593639011823	0.000533389698988518	0.00103886775001134
mtransferencias_emitidas_avg3	0.000230937453620896	0.000502443989178527	0.000729910798335108
Master_mpagospesos	0.000230410971474193	0.000330340599224006	0.000432539732346731
ctarjeta_debito_eficiencia3	0.000229733615473909	0.00192344095986029	0.000207580451907471
mtransferencias_emitidas	0.000228609361490372	0.00073965915698911	0.000842873183791732
ctarjeta_visa_tend3	0.000227062300185813	0.000137507280560392	3.86196189595295e-05
Master_mpagospesos_ratioavg3	0.000226514096831409	0.00145832439248705	0.00064108567472819
ctarjeta_master_eficiencia3	0.000225515539159587	0.000142221046929358	0.0001313067044624
ctransferencias_emitidas	0.000224726406110715	0.00086720509918729	0.000884389274173226
cpagomiscuentas_tend3	0.000223444350643356	0.00135694023145821	0.000631430769988308
cplazo_fijo_ratioavg3	0.00022168097447529	0.00104011850645891	0.000156409456786095
ccajas_otras_eficiencia3	0.000220233633296872	0.00112260441780892	0.000466331898936319
ctransferencias_emitidas_min3	0.000217713391989634	0.00110872524649247	0.000909492026496921
Visa_mpagosdolares	0.000216586812237386	0.000476394011042472	0.000730876288809096
ccomisiones_otras_tend3	0.000214517383855354	0.000442086428716993	0.000798460621988273
ctarjeta_master_transacciones_eficiencia3	0.000211519326685613	0.000558645415771322	0.000796529641040297
Master_Finiciomora_tend3	0.000210893303528678	0.000277215894356019	3.76541284855413e-05
mpagomiscuentas_max3	0.000207740789647554	0.000407352406406621	0.000582190755814908
ctransferencias_emitidas_ratioavg3	0.000207678877789331	0.000266140255644204	0.000699980593641473
Master_mpagospesos_eficiencia3	0.000207518002627298	0.000561754388989482	0.000878596331329297
mplazo_fijo_dolares_tend3	0.000206830191476504	0.00158461069360785	0.000349507551583742
tcallcenter_avg3	0.000204938126594892	0.000289329207985075	0.000353369513479695
ctarjeta_visa_debitos_automaticos_avg3	0.000204884655019809	0.000410492055521749	0.000714462950751296
cforex_sell_eficiencia3	0.000204348918635873	0.000563015059027762	0.00082742533620792
ccajas_transacciones_avg3	0.000204330042310403	0.000547154623489537	0.000561915455861155
Visa_mpagosdolares_avg3	0.000204180709347843	0.000729915057997878	0.00080039160293625
tcallcenter	0.000203923748368817	0.000394948765027333	0.000232683204231165
Master_mpagospesos_tend3	0.000203542778753133	0.00119294865479494	0.000622741355722414
ccajas_depositos_eficiencia3	0.000201530921443928	0.00102167145613674	0.000457642484670425
ccomisiones_otras_min3	0.000201355828246128	0.000289501719711733	0.000582190755814908
Master_cconsumos_eficiencia3	0.000200885274030739	0.000577522668216691	0.000815839450520062
mprestamos_prendarios_ratioavg3	0.000194519174300674	0.00311331549748772	0.000228821242335213
Visa_mfinanciacion_limite_ratioavg3	0.000192968791934662	0.000252235714010445	0.000236545166127118
ccajas_extracciones_eficiencia3	0.000192775071706474	0.000815583834821008	0.000722186874543202
ctarjeta_debito_transacciones_max3	0.000192068425962723	0.000335527462523881	0.000658464503259979
ctransferencias_emitidas_max3	0.00019090094580973	0.000744816437662978	0.000551295060647284
Master_delinquency_eficiencia3	0.000188529944851622	0.000937883491227074	0.000171857304369906
mttarjeta_visa_debitos_automaticos_max3	0.00018833203920069	0.000291287191966377	0.000564811927283119
Master_cconsumos_ratioavg3	0.000185223883926381	0.000563014866097592	0.000559984474913178
catm_trx_other_max3	0.000184365373093224	0.000621662229225659	0.000741496684022967
Master_mconsumospesos_eficiencia3	0.00018133519136232	0.000512303042395817	0.000774323360138567
mextraccion_autoservicio_avg3	0.000178184047834641	0.000265920861886331	0.000590880170080802
cliente_edad_eficiencia3	0.000176761802252058	0.000467325360575041	0.000702877065063438
cpagomiscuentas_max3	0.000176658184122168	0.000511874705264258	0.000695153141271532
active_quarter_ratioavg3	0.000176514359157017	0.000171147453119138	0.00016992632342193
Master_msaldototal_min3	0.000176252109727499	0.000541377233095518	0.000515571913109719
Visa_mconsumosdolares_tend3	0.00017595175027115	0.000389082755375407	0.00073473825070505
tmobile_app_max3	0.000174890483544186	0.000168252600234215	0.000350473042057731
ccallcenter_transacciones	0.000171055568814401	0.000942755524645176	0.000272268313664683
Master_msaldopesos_max3	0.000171042398488477	0.000387473910691039	0.000521364855953649
ccallcenter_transacciones_avg3	0.000169903127879314	0.000409012666981189	0.000345645589687789
ctarjeta_master_debitos_automaticos_ratioavg3	0.000169480270364737	0.00138927413814859	0.000496262103629955
ctransferencias_recibidas_min3	0.000168992479478427	0.000505271766674483	0.000536812703537461
Master_delinquency_tend3	0.000168610134495363	0.000417643880444061	7.24117855491179e-05
Master_msaldototal_avg3	0.000166253763540571	0.00038953739532009	0.000502055046473884
catm_trx_other_ratioavg3	0.000165356420855707	0.0003759146925091	0.000701911574589449
ccuenta_debitos_automaticos	0.000163832744409589	0.000230758952614795	0.000334059703999931
Master_msaldopesos_ratioavg3	0.000162202694939675	0.000365298999321633	0.000439298165664648
catm_trx_max3	0.000158226616072663	0.000341350963228437	0.000610189979560567
Master_delinquency_ratioavg3	0.000158196487325591	0.000543319879128337	7.04808046011414e-05
ccajas_depositos_avg3	0.000157252567631421	0.00057410957274117	0.000327301270682013
cplazo_fijo_eficiencia3	0.000157208726647086	0.000721521791744191	0.000504951517895849
ccajas_consultas	0.000157198483346157	0.00159346245840961	0.000213373394751401
ctarjeta_visa_max3	0.000155997245810572	4.72090156973868e-05	1.73788285317883e-05
tmobile_app_tend3	0.000155096142719628	0.000319830438839315	0.000286750670774507
matm_ratioavg3	0.000153838085292589	0.000281347847643502	0.000725083345965167
Master_cconsumos_tend3	0.000153774157410027	0.000533690380657853	0.000439298165664648
Master_mconsumospesos_avg3	0.000152867630233133	0.000375161525281976	0.000568673889179072
ctarjeta_debito_avg3	0.000152035495058074	0.000237658714270513	0.000445091108508578
Master_mpagominimo_min3	0.000150656589427375	0.000521588417753776	0.000442194637086613
Visa_mconsumosdolares_avg3	0.00014873286134389	0.000258375813123328	0.000587018208184849
cextraccion_autoservicio_max3	0.000147892938375877	0.000178949581333144	0.000362058927745589
ctarjeta_debito_ratioavg3	0.000147802137481099	0.00284187786171148	0.00018633966147973
ccajas_extracciones_ratioavg3	0.000147775381294593	0.000880756675075751	0.000536812703537461
thomebanking_max3	0.000147622411551575	0.000185754614275584	0.000156409456786095
mprestamos_hipotecarios_eficiencia3	0.000147258084531776	0.00115391283633778	7.82047283930473e-05
cforex_ratioavg3	0.000147199131097082	0.00037950882079377	0.000574466832023002
mcuenta_debitos_automaticos_max3	0.000145634291480158	0.000279352467364323	0.000468262879884296
ccajas_transacciones	0.000144003733596248	0.000725213124679315	0.000419988356184884
mplazo_fijo_dolares	0.000143058555331083	0.0012137111887027	0.00018633966147973
thomebanking_min3	0.000141664459464788	0.000127872444355215	0.000408402470497025
mtarjeta_master_consumo_tend3	0.000141630384459893	0.000437965118743867	0.000329232251629989
cpagomiscuentas_avg3	0.0001392650756434	0.00029546406582835	0.000491434651260013
Visa_mconsumosdolares_min3	0.000139007212094184	0.000321640155985273	0.000484676217942096
matm_other_avg3	0.000138906722076195	0.000357648385600826	0.000609224489086579
Visa_msaldodolares_ratioavg3	0.000137066280383297	0.000483616930732285	0.000671981369895814
Visa_msaldodolares_tend3	0.00013627716812784	0.000423340272321873	0.00039488560386119
ccuenta_debitos_automaticos_max3	0.000134648416596907	0.000340536283432235	0.000429643260924766
matm_max3	0.000134361968771705	0.000244363712920011	0.000445091108508578
mforex_sell_ratioavg3	0.000133654348081461	0.000461835564753852	0.000599569584346696
tcallcenter_tend3	0.000132945535924947	0.000217343424650937	0.000101376499768765
mextraccion_autoservicio	0.000132198391015755	0.000207526333745537	0.000433505222820719
tcuentas_max3	0.000131372350737784	0.000468284545068279	9.07561045548944e-05
mttarjeta_master_debitos_automaticos_eficiencia3	0.000131135546020466	0.000555653422546001	0.000455711503722449
mforex_sell_eficiencia3	0.000130939831907157	0.000336353846750372	0.000558053493965202
cpagomiscuentas	0.00013082197653934	0.00028595350880743	0.000349507551583742
cseguro_vida_eficiencia3	0.000130689774385922	0.000509392337081958	0.000406471489549048
ctarjeta_debito	0.000128898957112485	0.000212882846974555	0.000418057375236907
Master_Finiciomora_ratioavg3	0.000128210061336502	0.000474392875013233	4.24815808554825e-05
tcallcenter_max3	0.000128166569150639	0.000114842841040631	0.000203718490011518
ccajas_consultas_avg3	0.000126764932142764	0.00116039403599053	0.00028481968982653
Visa_delinquency_tend3	0.000126232302698502	0.000341672995836542	8.59286521849532e-05
Master_mpagospesos_min3	0.000125979010571373	0.000448532836629158	0.000424815808554825
mextraccion_autoservicio_tend3	0.000122066101333361	0.000303816430886081	0.000572535851075025
mtransferencias_emitidas_min3	0.000121361865492984	0.000540402324793457	0.000437367184716672
tmobile_app_ratioavg3	0.000121038270502818	0.000927871283610143	0.000288681651722483
Visa_mpagado_ratioavg3	0.000120873006072419	0.00032366434716978	0.000387161680069284
ccuenta_debitos_automaticos_avg3	0.000118827243977888	0.000243997370682953	0.000374610303907437
ccajas_transacciones_min3	0.0001167540216772	0.000451309712715365	0.000174753775791871
mautoservicio_min3	0.000116355434921923	0.000393855654841358	0.000492400141734002
mcheques_emitidos_rechazados_max3	0.000116223411733899	0.00065505332893544	9.84800283468003e-05
catm_trx	0.000115216328820225	0.000126492607782173	0.000248131051814977
ctarjeta_visa_debitos_automaticos	0.000114797625242609	0.000231271471610361	0.000420953846658872
Master_mconsumototal_eficiencia3	0.000114787525669525	0.000299936508710164	0.000481779746520131
catm_trx_tend3	0.000112465656754968	0.000401983609956805	0.000569639379653061
active_quarter_tend3	0.000111909281000276	6.61280696795043e-05	5.79294284392943e-05
Visa_mpagosdolares_eficiencia3	0.000111670298025296	0.000412104726654481	0.000496262103629955
cliente_edad_ratioavg3	0.000110133161824416	0.000299677564267521	0.00042191933713286
mforex_sell_max3	0.000109835869905975	0.000466102504850004	0.000388127170543272
mcheques_depositados_ratioavg3	0.000108921880678843	0.000948943373975037	0.000225924770913248
ccajas_otras_avg3	0.000106456812088104	0.000496519071514814	0.000204683980485507
Master_msaldopesos_tend3	0.000106125651817519	0.00046924626980875	0.00032343930878606
mtarjeta_master_consumo_avg3	0.000103958548212892	0.00020172643483173	0.000220131828069318
Visa_msaldodolares_min3	0.000101281949367363	7.13440332799619e-05	4.73090332254237e-05
ctarjeta_debito_transacciones_tend3	0.000101088149699617	0.000317951620537608	0.000415160903814943
mttarjeta_master_debitos_automaticos_avg3	0.000101075295915072	0.000321112781366647	0.000329232251629989
mcuenta_debitos_automaticos_tend3	0.000100974081613012	0.000553978627898655	0.00028481968982653
minversion1_pesos	0.000100522416373462	0.00229280007813626	0.000111031404508647
ccheques_depositados_eficiencia3	9.91122133198473e-05	0.000746291935445118	0.000221097318543307
Visa_mfinanciacion_limite_tend3	9.79975306350899e-05	0.000180668235439047	0.000248131051814977
ccajas_extracciones_max3	9.74959736829846e-05	0.000482482019009561	0.000361093437271601
Master_mpagospesos_avg3	9.70062820222134e-05	0.000236744064491427	0.000335990684947907
Visa_mpagado_min3	9.53759832319276e-05	0.000611007596298958	0.000313784404046177
Visa_msaldodolares_max3	9.52143671202327e-05	0.00034640361144032	0.000332128723051954
ccajas_otras_ratioavg3	9.4681381105958e-05	0.000727986624487554	0.000162202399630024
matm_other_max3	9.2902530211699e-05	0.000199017502320254	0.000342749118265825
Master_mpagado	9.20445540596516e-05	0.00018790099456751	0.000318611856416119
Master_mfinanciacion_limite_tend3	9.20353503803487e-05	0.000239563192284778	0.000305094989780283
mcheques_emitidos_rechazados_avg3	9.1755397965377e-05	0.000337012928364784	3.18611856416119e-05
cextraccion_autoservicio_min3	9.16942495797908e-05	0.000309467837879346	0.00028481968982653
Master_cconsumos	9.14487771566825e-05	0.000222084972964327	0.00027419929461266
ccomisiones_mantenimiento_min3	9.03055336181922e-05	0.000159350641433326	0.000178615737687824
Master_mfinanciacion_limite_ratioavg3	9.01578168666383e-05	0.000216346586619597	0.000294474594566413
ctarjeta_debito_tend3	9.00034556187386e-05	0.00165722343568316	9.94455188207885e-05
mpagomiscuentas_tend3	8.97410418628729e-05	0.000610053363680073	0.000289647142196472
ccajas_depositos	8.96618106712388e-05	0.00109520852665465	0.000176684756739848
Master_mconsumototal_min3	8.90838712779963e-05	0.000238682884075882	0.000311853423098201
minversion1_pesos_min3	8.90465821922824e-05	0.00188657267970365	0.000133237685410377
cprestamos_prendarios_eficiencia3	8.89055947925442e-05	0.000658831191051634	7.72392379190591e-05
cseguro_accidentes_personales_max3	8.86140624410704e-05	0.000239754225307719	0.000258751447028848
cseguro_vida_avg3	8.81810224194714e-05	0.000749501971917125	0.000222062809017295
catm_trx_avg3	8.78334726674367e-05	0.000165425787389107	0.00037847226580339
mcheques_depositados_max3	8.70228022027328e-05	0.000664359862301999	0.000134203175884365
mextraccion_autoservicio_min3	8.4761574130805e-05	0.000380353469076317	0.000270337332716707
Master_mconsumospesos_max3	8.40418337852071e-05	0.000218031670875988	0.000272268313664683
mtarjeta_master_consumo_eficiencia3	8.40055138774e-05	0.000215118714710151	0.000314749894520166
mplazo_fijo_dolares_max3	8.36931282732213e-05	0.00037404892914887	0.000176684756739848
Visa_mlimitecompra_ratioavg3	8.28070771035771e-05	0.000266960401795211	0.000240407128023071
ctransferencias_recibidas_tend3	8.26205480532147e-05	0.000314450902610057	0.000304129499306295
Visa_msaldodolares	8.18134997653855e-05	0.000141256363926285	0.000144823571098236
cseguro_accidentes_personales_ratioavg3	7.97872839753009e-05	0.00064243434533184	0.000205649470959495
Visa_mlimitecompra_tend3	7.96600424637932e-05	0.000299668046379153	0.000237510656601107
thomebanking_tend3	7.91135609163878e-05	0.000317197070644268	0.000136134156832342
ccajas_otras	7.87220915236537e-05	0.000544886761500814	0.000118755328300553
mcheques_depositados_eficiencia3	7.78067316509516e-05	0.000596861248852622	0.000165098871051989
matm_other_min3	7.77291555255716e-05	0.000662070906614732	0.000429643260924766
Master_delinquency_max3	7.76146866599248e-05	0.000266149323362176	6.56533522312002e-05
tcuentas_avg3	7.7233104976253e-05	0.000442875255870466	5.02055046473884e-05
ctarjeta_master_debitos_automaticos_eficiencia3	7.64012681929674e-05	0.000351829097204973	0.000285785180300519
mplazo_fijo_dolares_eficiencia3	7.56512995244697e-05	0.000680097851492579	0.000218200847121342
Master_cconsumos_avg3	7.55667770328471e-05	0.000179639435309609	0.000299302046936354
Master_mpagado_avg3	7.54590471654758e-05	0.000222796853135155	0.000285785180300519
matm_other_ratioavg3	7.48764409603945e-05	0.000214364293436924	0.000340818137317848
matm_other	7.40798164893398e-05	0.000296402542483384	0.000370748342011484
ctarjeta_visa_debitos_automaticos_min3	7.35568034163262e-05	0.000150075684304526	0.000251027523236942
Master_mlimitecompra_ratioavg3	7.34132296567371e-05	0.000189883062664986	0.000238476147075095
cseguro_accidentes_personales_eficiencia3	7.33147724383795e-05	0.000526598299778063	0.000206614961433483
Master_Finiciomora_max3	7.32996212092323e-05	0.000225237580555847	2.60682427976824e-05
matm_min3	7.29696783411826e-05	0.000521034708166999	0.000342749118265825
cprestamos_hipotecarios_avg3	7.24054851568654e-05	0.000546642586819395	4.4412561803459e-05
mforex_buy_max3	7.21615926302219e-05	0.000402852728215864	0.000194063585271636
ctarjeta_debito_min3	7.21569131520211e-05	0.00014101603724501	0.000244269089919024
Master_mconsumototal_ratioavg3	7.1689315076714e-05	0.000181745396731001	0.000250062032762954
Visa_madelantopesos	7.05557065740032e-05	0.000317860396722411	0.000106203952138706
Master_mlimitecompra_tend3	7.00243930017652e-05	0.000196592434398328	0.000251027523236942
mtarjeta_visa_descuentos	6.81663169667015e-05	0.00191647299738962	0.000192132604323659
mprestamos_hipotecarios_ratioavg3	6.8074315814987e-05	0.0011732565296232	6.0825899861259e-05
cseguro_vivienda_avg3	6.80627436253641e-05	0.000542229695049934	0.000210476923329436
mpagodeservicios_eficiencia3	6.67874031668825e-05	0.000639305596771295	0.000280957727930577
ccajas_transacciones_max3	6.66219032331667e-05	9.21211012604966e-05	0.000187305151953718
ccuenta_debitos_automaticos_min3	6.65190566593281e-05	0.000162250735587856	0.000194063585271636
mforex_sell_tend3	6.55319237130973e-05	0.000660472608779637	0.000337921665895883
cforex_buy_eficiencia3	6.5432571799237e-05	0.000352202931563618	0.000197925547167589
ctarjeta_visa_descuentos_ratioavg3	6.53623689167818e-05	0.00124114023169112	0.000229786732809201
Visa_madelantodolares	6.52745250594919e-05	0.000189682543908706	0.000210476923329436
Visa_msaldodolares_avg3	6.42972128636634e-05	0.000325449176323859	0.000210476923329436
ctarjeta_visa_descuentos_eficiencia3	6.38675630349948e-05	0.000349073732832677	0.000291578123144448
Master_mconsumospesos_tend3	6.35176343396853e-05	0.00016254643322781	0.000250062032762954
cseguro_vida_min3	6.30241882423543e-05	0.00027545482776783	0.000192132604323659
mttarjeta_master_debitos_automaticos	6.29538128401805e-05	0.000202870349962369	0.00030123302788433
Master_mconsumototal_max3	6.27959702171233e-05	0.000166897265792713	0.000240407128023071
tcuentas	6.10461480148668e-05	5.6695456447106e-05	2.70337332716707e-05
mcaja_ahorro_adicional_max3	6.08157486511587e-05	0.000771698716550726	0.000115858856878589
matm_tend3	6.06486934612192e-05	0.000192773960481432	0.000288681651722483
ccajas_transacciones_tend3	6.0296024385512e-05	0.000232599120572524	0.000112962385456624
Master_mconsumototal_tend3	6.01839667319049e-05	0.000143257274870326	0.00024137261849706
mtarjeta_visa_descuentos_eficiencia3	5.98206717869029e-05	0.000455948590023495	0.000262613408924801
ccheques_emitidos_eficiencia3	5.95253665591491e-05	0.0010038740660057	0.000102341990242753
mforex_sell_avg3	5.94762378707502e-05	0.000229457767240897	0.000204683980485507
mprestamos_hipotecarios_avg3	5.9418203798491e-05	0.000587896105421186	4.4412561803459e-05
cseguro_vivienda	5.93658933368529e-05	0.000233733292729597	0.000174753775791871
minversion1_pesos_avg3	5.90687248506025e-05	0.00154125838415597	0.000100411009294777
ctarjeta_master_transacciones_max3	5.89567572708094e-05	0.000124026252803951	0.000159305928208059
Master_mconsumospesos_ratioavg3	5.88746472903191e-05	0.000145960451631743	0.000212407904277412
ccajas_extracciones_tend3	5.83884528654332e-05	0.000517401833073266	0.000203718490011518
mcheques_emitidos_ratioavg3	5.73455251363262e-05	0.000940034180292787	0.000100411009294777
cplazo_fijo_min3	5.68936467179291e-05	0.000490415886374382	8.59286521849532e-05
internet_tend3	5.66500468132705e-05	0.000161792429969951	0.000100411009294777
Visa_mpagado_tend3	5.57974456402749e-05	0.000352694421170697	0.000211442413803424
Master_mpagado_eficiencia3	5.57787932212801e-05	0.000209955453201024	0.000261647918450813
ccheques_emitidos_rechazados	5.5559912524081e-05	0.000694290309249452	5.02055046473884e-05
ctransferencias_emitidas_tend3	5.55323984679345e-05	0.000452112398686023	0.000242338108971048
Master_mpagosdolares	5.42363119527856e-05	9.07154441997554e-05	0.000178615737687824
mttarjeta_master_debitos_automaticos_ratioavg3	5.39873748968866e-05	0.000311003626339488	0.000180546718635801
ccajas_otras_min3	5.33941051687347e-05	0.000610953189991129	9.36525759768591e-05
Visa_mpagosdolares_max3	5.3181449237801e-05	0.000186372183748502	0.000198891037641577
ctarjeta_master_transacciones_min3	5.28927218715322e-05	0.00021602571159251	0.000194063585271636
mprestamos_prendarios	5.2730271313324e-05	0.000978145027206793	5.31019760693531e-05
mcheques_emitidos_rechazados	5.23425289234159e-05	0.000723417555745795	4.34470713294707e-05
mcheques_emitidos_max3	5.17162050053478e-05	0.000518197348472619	0.000122617290196506
catm_trx_other_avg3	5.14026549817465e-05	0.000243323722840735	0.000239441637549083
ccheques_depositados_avg3	5.11454191858263e-05	0.00042202339529418	6.95153141271532e-05
mforex_buy_ratioavg3	5.09617177334444e-05	0.000651919242640202	0.0001313067044624
cplazo_fijo_avg3	4.96473790647496e-05	0.000213234172813412	0.000100411009294777
ctarjeta_master_avg3	4.911692484213e-05	5.39469089408031e-05	4.73090332254237e-05
minversion2	4.90836806511466e-05	0.00114668393581271	6.0825899861259e-05
mprestamos_prendarios_max3	4.89301501429949e-05	0.00033766728319004	4.73090332254237e-05
ccajas_extracciones_avg3	4.81075612910378e-05	0.00025895653293385	0.000154478475838118
mtarjeta_visa_descuentos_avg3	4.78631218193445e-05	0.000421583096492104	0.000280957727930577
ccajas_depositos_ratioavg3	4.77797047426669e-05	0.000287559009368858	9.55835569248356e-05
mcheques_emitidos_eficiencia3	4.75086993654402e-05	0.000690678367079121	8.01357093410238e-05
ccheques_emitidos_avg3	4.68382507162209e-05	0.000497274778989171	8.20666902890003e-05
ctarjeta_master_transacciones_tend3	4.67819769105925e-05	0.000271912243993474	0.000149651023468177
Master_msaldodolares	4.63013919062116e-05	6.12668403509007e-05	6.85498236531649e-05
ccheques_emitidos_rechazados_min3	4.6010546728021e-05	0.00118975305593063	3.86196189595295e-05
ccheques_emitidos	4.55847429256346e-05	0.000846481665793907	6.85498236531649e-05
Visa_Finiciomora_eficiencia3	4.52056846613684e-05	0.000630411130091992	5.79294284392943e-05
cextraccion_autoservicio_tend3	4.51898715607692e-05	0.000145125160462422	0.000183443190057765
Master_mconsumosdolares_tend3	4.47282650402226e-05	8.75713576907263e-05	0.000170891813895918
mplazo_fijo_dolares_avg3	4.44917273366135e-05	0.000333467579257997	0.000111031404508647
mforex_buy_eficiencia3	4.42343995548991e-05	0.000258593406199618	0.000143858080624248
cpagomiscuentas_min3	4.3492734122859e-05	0.000206813521078889	0.000222062809017295
cforex_max3	4.34414311276808e-05	0.000127561505231862	0.000140961609202283
mtarjeta_master_consumo_min3	4.33487566035679e-05	0.000145386098516818	0.000127444742566448
ccajas_otras_max3	4.29487368210443e-05	0.000217781022430638	8.1101199815012e-05
mprestamos_hipotecarios	4.24402891284693e-05	0.000827743516000826	4.0550599907506e-05
ccheques_emitidos_ratioavg3	4.22899990173342e-05	0.000785282608242596	5.79294284392943e-05
ccaja_seguridad_max3	4.21040308855301e-05	0.000245948569953291	3.47576570635766e-05
cliente_edad_tend3	4.18515630484278e-05	9.92246936404062e-05	0.000157374947260083
mplazo_fijo_dolares_min3	4.1447848602133e-05	0.000437060211938345	7.14462950751297e-05
tcuentas_min3	4.09095802385032e-05	0.000173861433970053	2.99302046936354e-05
Visa_cadelantosefectivo_avg3	3.90836654916086e-05	0.000450484936240288	0.000100411009294777
ccajas_otras_tend3	3.82986805571595e-05	0.000483709697988838	5.21364855953649e-05
cseguro_vida	3.75716953912212e-05	0.000192656337388027	0.000122617290196506
cseguro_vivienda_eficiencia3	3.70862226668119e-05	0.000115727972503768	0.000130341213988412
ccajas_depositos_max3	3.70402164966499e-05	0.000117305337415461	7.53082569710826e-05
cforex_sell_avg3	3.63259953684394e-05	0.000169231881620121	0.000154478475838118
mcheques_emitidos_rechazados_ratioavg3	3.61382592539882e-05	0.000251312736079036	3.08956951676236e-05
cforex_sell_ratioavg3	3.61321610278656e-05	0.000135699235475903	0.000155443966312106
mttarjeta_master_debitos_automaticos_tend3	3.61263950415679e-05	0.000390120912618071	8.97906140809062e-05
mprestamos_prendarios_eficiencia3	3.61190473563827e-05	0.000219001530838612	3.57231475375648e-05
cseguro_vida_max3	3.60470990722758e-05	0.00030540054835371	8.59286521849532e-05
Master_msaldodolares_max3	3.60202809620544e-05	0.000166740767270133	0.000133237685410377
Visa_madelantopesos_ratioavg3	3.5825055639398e-05	0.000594771782960731	8.30321807629885e-05
mttarjeta_master_debitos_automaticos_min3	3.55889773369809e-05	0.000102709559139021	0.000135168666358353
ccheques_emitidos_rechazados_max3	3.5553532846934e-05	0.000356533217065459	2.4137261849706e-05
cplazo_fijo_tend3	3.53687142998972e-05	0.000357471147085012	5.11709951213766e-05
Master_msaldodolares_eficiencia3	3.51117526869258e-05	0.000211609314924967	0.000112962385456624
cprestamos_hipotecarios	3.49521397097131e-05	0.000429953468365665	2.70337332716707e-05
catm_trx_other_tend3	3.43229585090407e-05	0.000203085820806794	0.000175719266265859
cpagodeservicios_eficiencia3	3.42910393623166e-05	0.000285575590760195	0.000133237685410377
Master_mconsumosdolares_eficiencia3	3.41135978497954e-05	0.00018841084469573	0.00012068630924853
ccheques_depositados_ratioavg3	3.39359865952107e-05	0.000321524204953338	6.37223712832237e-05
cforex_tend3	3.38827163183421e-05	0.000284103822961334	0.000163167890104012
minversion1_pesos_eficiencia3	3.37320209716209e-05	0.000570732072881943	0.000156409456786095
Master_cconsumos_min3	3.36742572385064e-05	9.45248825537086e-05	0.000126479252092459
cseguro_accidentes_personales_avg3	3.34711319776929e-05	0.000100611572164639	9.36525759768591e-05
ctarjeta_master_debitos_automaticos_tend3	3.34690484682801e-05	0.000379887221166429	7.72392379190591e-05
catm_trx_other	3.30048649523091e-05	0.000139847619982831	0.000167995342473954
matm_other_tend3	3.28893510785499e-05	0.000139952831235324	0.000156409456786095
mttarjeta_master_debitos_automaticos_max3	3.13274840850041e-05	0.000117444182827522	0.000100411009294777
minversion2_min3	3.12285990520333e-05	0.00071453704434876	4.4412561803459e-05
cseguro_accidentes_personales_min3	3.08131033223331e-05	0.000105165302957914	7.43427664970944e-05
Master_mconsumosdolares_max3	3.0627697390444e-05	7.38742481443242e-05	0.000117789837826565
mcheques_depositados_rechazados_eficiencia3	3.03459600828801e-05	0.000148343428621665	4.53780522774472e-05
Visa_mpagosdolares_ratioavg3	3.02051566491572e-05	0.000125234445836098	0.000133237685410377
cprestamos_hipotecarios_ratioavg3	2.94365128936316e-05	0.000139842764573562	1.15858856878589e-05
cinversion2	2.93792733361918e-05	0.000907189105118027	5.69639379653061e-05
cseguro_vida_ratioavg3	2.89250266698427e-05	0.000141741518992795	8.59286521849532e-05
Visa_madelantopesos_max3	2.87407356981925e-05	0.000270523950647998	6.75843331791767e-05
Visa_delinquency_min3	2.87339138683878e-05	5.45471468534842e-06	7.72392379190591e-06
ccheques_depositados_rechazados_eficiencia3	2.86246669179214e-05	0.000115972157788436	4.53780522774472e-05
Master_madelantodolares	2.82879053437812e-05	3.49433193893687e-05	0.000103307480716742
cforex_avg3	2.81888571846227e-05	7.48556196070675e-05	0.000100411009294777
Master_mpagado_max3	2.77376549765478e-05	8.53393807135508e-05	9.46180664508474e-05
mforex_buy_tend3	2.77112712482775e-05	0.00029667573160355	6.0825899861259e-05
Master_cadelantosefectivo	2.75055519329309e-05	5.45820029041269e-05	0.000102341990242753
mpagodeservicios	2.73687882714643e-05	0.000378455389912678	8.4963161710965e-05
Master_mconsumosdolares	2.69495453283944e-05	4.22566268636431e-05	0.000100411009294777
minversion2_max3	2.67864295864907e-05	0.000482008246823059	6.56533522312002e-05
mcajeros_propios_descuentos_eficiencia3	2.67065716923834e-05	0.000238218694087803	0.000170891813895918
ccheques_depositados_max3	2.66886560931863e-05	0.000261178155991924	3.57231475375648e-05
ccheques_depositados	2.60884646239381e-05	0.000398680613298075	4.24815808554825e-05
Master_mpagado_tend3	2.59296643980617e-05	4.62406670210922e-05	4.73090332254237e-05
Master_madelantopesos_max3	2.56979838976942e-05	3.76414478113472e-05	5.40674665433414e-05
Visa_mpagosdolares_tend3	2.55685845620361e-05	0.000163002005668313	0.000124548271144483
cseguro_vivienda_min3	2.55532114279577e-05	7.53467555088348e-05	8.78596331329297e-05
mprestamos_prendarios_avg3	2.54337965287856e-05	0.000255462085236812	2.89647142196472e-05
mforex_sell	2.52972672716442e-05	0.000188314443920982	0.000102341990242753
minversion1_pesos_max3	2.50178681033203e-05	0.000499575471261756	4.34470713294707e-05
mcheques_depositados_avg3	2.48685597766457e-05	0.000270156997465402	5.88949189132825e-05
Master_mconsumosdolares_ratioavg3	2.48500476180327e-05	0.000269227749303482	8.59286521849532e-05
cforex_buy_avg3	2.46192007137732e-05	0.00011384304474669	7.53082569710826e-05
Master_mpagosdolares_eficiencia3	2.39795853622323e-05	0.000171248066202589	7.62737474450708e-05
Visa_madelantopesos_eficiencia3	2.39772544732492e-05	0.000452738071226064	7.62737474450708e-05
cseguro_accidentes_personales	2.27791443495592e-05	5.4299842531074e-05	7.24117855491179e-05
Visa_status_min3	2.22172007727147e-05	9.92882962863206e-07	2.89647142196472e-06
ccajeros_propios_descuentos_max3	2.19035489790091e-05	0.000244117855573873	0.000107169442612694
Master_mpagosdolares_avg3	2.14980630600845e-05	9.84067018762934e-05	8.97906140809062e-05
cprestamos_hipotecarios_max3	2.10539329071151e-05	0.000224086687784074	1.54478475838118e-05
minversion2_ratioavg3	2.10064913980273e-05	0.000345966045815648	5.98604093872708e-05
kmes_tend3	2.09058415504119e-05	4.52955985852637e-05	5.88949189132825e-05
ctarjeta_master_max3	2.08353086644377e-05	4.68482041251902e-05	3.08956951676236e-05
mcheques_emitidos_rechazados_min3	2.0478140909512e-05	0.000518440086781016	1.73788285317883e-05
mprestamos_prendarios_min3	2.04056330504308e-05	0.000243493565700048	2.31717713757177e-05
ctarjeta_master_debitos_automaticos_max3	2.02904610776845e-05	6.06263443428279e-05	6.85498236531649e-05
mcheques_emitidos_tend3	2.01016327254929e-05	0.000379340457065758	4.92400141734002e-05
catm_trx_min3	1.9764445575244e-05	0.000135326558698275	8.59286521849532e-05
ctarjeta_visa_descuentos_max3	1.95053735584902e-05	0.000204942227053797	8.01357093410238e-05
ccajas_extracciones	1.93430142431993e-05	0.000157509476669721	7.62737474450708e-05
ccajeros_propios_descuentos_eficiencia3	1.92319862378225e-05	0.000152797736067536	9.65490473988238e-05
mcaja_ahorro_adicional_avg3	1.90584600943076e-05	0.000238163580369351	3.86196189595295e-05
mcheques_emitidos_rechazados_eficiencia3	1.83986508838047e-05	0.000112145709424529	2.79992237456589e-05
cforex_buy_ratioavg3	1.81179525936953e-05	0.000275146493201767	5.79294284392943e-05
mcheques_depositados	1.72732488968652e-05	0.000162670230086642	3.08956951676236e-05
mcaja_ahorro_adicional_ratioavg3	1.67611743618261e-05	0.000160691345336965	4.34470713294707e-05
cinversion1_ratioavg3	1.65346263763437e-05	0.000257226753188167	4.53780522774472e-05
cinversion2_avg3	1.65223887226558e-05	0.000430065850189462	4.73090332254237e-05
cforex_buy	1.63204147157711e-05	0.000156656242994626	5.02055046473884e-05
cseguro_vivienda_ratioavg3	1.62119290384291e-05	6.0239358577621e-05	4.92400141734002e-05
active_quarter_max3	1.61311466374961e-05	1.23514859234375e-05	2.0275299953753e-05
mcheques_depositados_tend3	1.60245200972176e-05	0.000139448736857164	5.40674665433414e-05
ctarjeta_visa_descuentos_tend3	1.59150607421559e-05	0.000256942631358389	9.17215950288826e-05
cpagodeservicios_ratioavg3	1.58423963986953e-05	0.000204808397826145	7.04808046011414e-05
Master_msaldodolares_ratioavg3	1.58360147644906e-05	0.000114729398100901	6.66188427051884e-05
mcajeros_propios_descuentos_avg3	1.58330220671011e-05	0.000277412040028455	0.000103307480716742
ccheques_emitidos_rechazados_ratioavg3	1.58079501879966e-05	8.20737481976682e-05	1.35168666358353e-05
catm_trx_other_min3	1.55531118629535e-05	0.000152068460026415	6.37223712832237e-05
mcaja_ahorro_adicional	1.54625297498632e-05	0.000195489259688505	2.99302046936354e-05
Master_mpagosdolares_min3	1.5393416122028e-05	1.30758100902053e-05	3.95851094335178e-05
ccaja_seguridad_tend3	1.51748068050795e-05	0.000574425045723509	1.73788285317883e-05
mcheques_depositados_rechazados_max3	1.51347715822986e-05	3.14049479237158e-05	1.25513761618471e-05
minversion2_tend3	1.51082592135172e-05	0.000573601426829449	3.86196189595295e-05
cpagodeservicios_max3	1.50160645237919e-05	0.000119972211149962	7.72392379190591e-05
cforex_sell_max3	1.49586587502535e-05	6.44518602109152e-05	4.82745236994119e-05
mcheques_emitidos_rechazados_tend3	1.48842572087027e-05	0.000138832067725038	1.54478475838118e-05
mpagodeservicios_avg3	1.48701889223187e-05	0.00010803893352418	6.37223712832237e-05
ccheques_depositados_rechazados_avg3	1.48096820534223e-05	9.94538625268732e-05	1.83443190057765e-05
ctarjeta_master_descuentos_eficiencia3	1.45644296373956e-05	9.26293436373026e-05	5.21364855953649e-05
Master_mconsumosdolares_avg3	1.44733680844213e-05	2.54545634776142e-05	5.59984474913178e-05
mforex_buy_avg3	1.44282412564848e-05	8.48507529039884e-05	4.82745236994119e-05
cforex_sell	1.4295405614757e-05	0.000108874353313614	6.0825899861259e-05
Master_msaldodolares_tend3	1.42439251731064e-05	6.98197884749679e-05	5.59984474913178e-05
Master_madelantopesos_avg3	1.407628742127e-05	1.61661012369419e-05	1.54478475838118e-05
Master_mpagado_min3	1.40320895033288e-05	8.35828479843479e-05	5.02055046473884e-05
ccheques_emitidos_rechazados_eficiencia3	1.38830658076672e-05	0.000108824384399686	2.12407904277412e-05
Visa_mpagosdolares_min3	1.35438602096841e-05	0.000113022287650146	6.17913903352473e-05
Visa_madelantopesos_tend3	1.29931540851846e-05	0.000120251027400075	3.95851094335178e-05
mcheques_emitidos_avg3	1.29587358001794e-05	9.27862923302793e-05	2.60682427976824e-05
Master_mpagosdolares_max3	1.26667820533141e-05	2.21576762742549e-05	4.63435427514354e-05
Visa_madelantopesos_avg3	1.21310776696393e-05	0.00014074197993908	2.60682427976824e-05
mtarjeta_visa_descuentos_max3	1.16132370983791e-05	0.000124937204754787	7.62737474450708e-05
mcaja_ahorro_adicional_eficiencia3	1.16092832296975e-05	0.000203351967975769	2.60682427976824e-05
cinversion1_max3	1.15138546852156e-05	0.000115140339362168	4.15160903814943e-05
Master_msaldodolares_avg3	1.14058442776753e-05	3.92901968857953e-05	4.63435427514354e-05
Master_mpagado_ratioavg3	1.12771646651625e-05	7.91840401172682e-05	5.21364855953649e-05
cplazo_fijo_max3	1.07670608215656e-05	5.24902540052287e-05	2.60682427976824e-05
ctarjeta_visa_descuentos_avg3	1.04883713713676e-05	9.30771667159927e-05	4.15160903814943e-05
Visa_cadelantosefectivo_ratioavg3	1.03295590907563e-05	0.000176613807924719	2.0275299953753e-05
cseguro_vivienda_max3	1.0258724559913e-05	2.35674170235861e-05	2.99302046936354e-05
mcheques_emitidos	1.01054104436509e-05	0.000158010837870478	1.64133380578001e-05
Visa_cadelantosefectivo_eficiencia3	9.97496939123034e-06	0.000197915227951222	3.86196189595295e-05
ctarjeta_master_descuentos_max3	9.90843791772084e-06	6.71850697687342e-05	2.22062809017295e-05
cinversion1_avg3	9.84215749876586e-06	0.000108810686357644	2.31717713757177e-05
cprestamos_prendarios_max3	9.76071158493108e-06	0.000411761503882747	1.64133380578001e-05
Master_mconsumosdolares_min3	9.46551034835341e-06	7.74482795363265e-06	2.4137261849706e-05
Visa_cadelantosefectivo_max3	9.40594089019005e-06	9.78482655003608e-05	2.12407904277412e-05
ctarjeta_master_debitos_automaticos_avg3	9.28985516001208e-06	4.95964622362387e-05	4.24815808554825e-05
mforex_buy	9.25837978886732e-06	7.29969946631132e-05	2.70337332716707e-05
minversion1_pesos_ratioavg3	9.24731973701259e-06	0.000153791744456388	3.57231475375648e-05
cpagodeservicios	9.14011711841587e-06	5.17333567948253e-05	2.60682427976824e-05
mcheques_depositados_rechazados_ratioavg3	9.10379061128052e-06	0.000136949455129996	1.54478475838118e-05
ccheques_emitidos_max3	8.78611067740382e-06	9.12996367533307e-05	1.73788285317883e-05
cforex	8.67946697165152e-06	3.8472269431739e-05	4.92400141734002e-05
mcajeros_propios_descuentos_max3	8.66208184942765e-06	0.000137030871661571	5.40674665433414e-05
minversion1_pesos_tend3	8.65033639638433e-06	0.000183484308504713	2.0275299953753e-05
ccajeros_propios_descuentos_ratioavg3	8.55261359630191e-06	6.03977864018981e-05	6.0825899861259e-05
minversion2_avg3	8.29023093599847e-06	0.000143842753625032	2.4137261849706e-05
cinversion2_min3	8.24699599283244e-06	0.000349108428108179	2.12407904277412e-05
cforex_buy_max3	8.24496293038158e-06	5.94069935158723e-05	2.89647142196472e-05
mpagodeservicios_max3	8.05625639887449e-06	8.15195884404953e-05	2.99302046936354e-05
Master_msaldodolares_min3	7.99564328413647e-06	3.79334797780783e-05	1.54478475838118e-05
cpagodeservicios_tend3	7.80237886831285e-06	0.000100264940959908	2.99302046936354e-05
ccajas_depositos_min3	7.65427585877515e-06	0.000247176602637879	1.73788285317883e-05
mtarjeta_visa_descuentos_ratioavg3	7.59353801792077e-06	0.000118358028730903	3.28266761156001e-05
Master_madelantopesos_tend3	7.52638551484304e-06	1.1318987965748e-05	2.4137261849706e-05
Master_cadelantosefectivo_avg3	7.51804970439855e-06	2.21271289974002e-05	2.31717713757177e-05
mcheques_depositados_rechazados	7.5173398636161e-06	0.00018194167102355	1.06203952138706e-05
cinversion2_ratioavg3	7.41191382296103e-06	0.000128731465935398	1.83443190057765e-05
ccajas_depositos_tend3	7.38803671931775e-06	4.61278028718711e-05	2.51027523236942e-05
mtarjeta_master_descuentos_eficiencia3	7.32052161298138e-06	0.000112009211329531	4.63435427514354e-05
mpagodeservicios_ratioavg3	7.30169382787558e-06	8.52017571925632e-05	2.79992237456589e-05
mcaja_ahorro_adicional_tend3	7.15169151396119e-06	7.85648628929372e-05	1.64133380578001e-05
mcaja_ahorro_adicional_min3	7.11336209738063e-06	9.6209516639704e-05	1.93098094797648e-05
mpagodeservicios_tend3	7.11101969386024e-06	9.38011050224213e-05	2.70337332716707e-05
cinversion1_eficiencia3	6.97011046883483e-06	8.53361330556957e-05	3.57231475375648e-05
cinversion2_eficiencia3	6.96781445567041e-06	6.55021077442087e-05	2.70337332716707e-05
tcallcenter_min3	6.73869331454976e-06	8.33640973270398e-05	3.47576570635766e-05
cseguro_accidentes_personales_tend3	6.68051415494499e-06	0.000284132408781465	1.15858856878589e-05
cinversion1	6.67209464773608e-06	7.75705329538019e-05	9.65490473988238e-06
Master_cadelantosefectivo_min3	6.32636473358118e-06	1.1247153632597e-05	1.83443190057765e-05
mtarjeta_visa_descuentos_tend3	6.29018860552877e-06	0.000133034323198126	4.0550599907506e-05
mcajeros_propios_descuentos_ratioavg3	6.27711976334081e-06	6.39851299756033e-05	3.18611856416119e-05
ccajeros_propios_descuentos_avg3	6.14808389317091e-06	7.78780636441583e-05	2.99302046936354e-05
cforex_sell_tend3	6.14683646777958e-06	6.75557207795809e-05	3.08956951676236e-05
cprestamos_prendarios_min3	5.99748608438577e-06	0.000191636862216786	9.65490473988238e-06
mprestamos_prendarios_tend3	5.93662787108242e-06	0.000173343705859907	8.68941426589415e-06
Master_madelantopesos	5.83104845226639e-06	1.6093205787858e-05	3.28266761156001e-05
minversion2_eficiencia3	5.57748000607933e-06	5.76641909837398e-05	1.93098094797648e-05
mtarjeta_master_descuentos_avg3	5.43900476146553e-06	9.51671792433644e-05	2.60682427976824e-05
ccajas_consultas_min3	5.3237541027826e-06	3.07888254270702e-05	1.06203952138706e-05
mpagodeservicios_min3	5.20676568972251e-06	0.000132335980294198	2.60682427976824e-05
Master_mpagosdolares_tend3	5.01052648400148e-06	1.84575650164134e-05	2.60682427976824e-05
cprestamos_prendarios_avg3	5.00686010082526e-06	4.81455630507243e-05	9.65490473988238e-06
mcheques_depositados_rechazados_avg3	4.94930831520112e-06	4.44777997513204e-05	9.65490473988238e-06
cpagodeservicios_avg3	4.86121282829387e-06	3.44229867219339e-05	1.83443190057765e-05
ccheques_depositados_rechazados	4.74165564310771e-06	7.37786834003114e-05	5.79294284392943e-06
ctarjeta_master_debitos_automaticos	4.66822872295592e-06	2.69862682491664e-05	2.99302046936354e-05
mcheques_depositados_rechazados_tend3	4.64983583239115e-06	4.41074059806999e-05	4.82745236994119e-06
tcuentas_ratioavg3	4.4680240287866e-06	5.14615503408748e-05	8.68941426589415e-06
cinversion2_max3	4.40065840920891e-06	0.000170454608725045	8.68941426589415e-06
cseguro_vida_tend3	4.25601557506197e-06	2.99390323400002e-05	9.65490473988238e-06
tcuentas_tend3	4.23710296018524e-06	4.25802672231618e-05	7.72392379190591e-06
ccajas_extracciones_min3	4.15699497674904e-06	1.62109253463476e-05	6.75843331791767e-06
cforex_buy_tend3	4.09805808837207e-06	5.93901121260315e-05	1.25513761618471e-05
cforex_sell_min3	4.02787755149737e-06	3.36609125519793e-05	2.60682427976824e-05
mtarjeta_master_descuentos	3.9432173796929e-06	0.000155831498674577	1.06203952138706e-05
ccheques_depositados_min3	3.61420955212998e-06	7.83779778686428e-05	1.15858856878589e-05
ccheques_depositados_rechazados_max3	3.57880159371101e-06	1.27481181971248e-05	5.79294284392943e-06
mforex_sell_min3	3.46030249786245e-06	2.98559759019836e-05	2.12407904277412e-05
Visa_cadelantosefectivo_min3	3.38627068020609e-06	5.74254720538773e-05	8.68941426589415e-06
ctarjeta_master_debitos_automaticos_min3	3.30189801157283e-06	7.68874958433304e-06	1.93098094797648e-05
ccheques_depositados_rechazados_ratioavg3	3.27310346651683e-06	1.01797674692365e-05	4.82745236994119e-06
ctarjeta_master_descuentos_avg3	3.18124937149527e-06	2.28731899632773e-05	1.15858856878589e-05
cseguro_auto_ratioavg3	2.84897858989415e-06	3.66903663852325e-05	1.25513761618471e-05
Visa_cadelantosefectivo_tend3	2.82551408286998e-06	9.2410657290051e-06	1.25513761618471e-05
cinversion1_min3	2.76640388274273e-06	5.82728856688555e-05	6.75843331791767e-06
Master_Finiciomora_eficiencia3	2.76241319009641e-06	6.24251930892317e-05	5.79294284392943e-06
mcheques_emitidos_min3	2.73040439146891e-06	1.5112220185454e-05	7.72392379190591e-06
Master_mpagosdolares_ratioavg3	2.71711262742035e-06	4.01633666784163e-05	1.25513761618471e-05
tcuentas_eficiencia3	2.67341033973912e-06	2.93622354429265e-05	5.79294284392943e-06
mcajeros_propios_descuentos_tend3	2.58617319232861e-06	4.64871031577391e-05	2.51027523236942e-05
cprestamos_prendarios	2.47329881481566e-06	5.50334273459831e-05	5.79294284392943e-06
mtarjeta_master_descuentos_max3	2.42982660538012e-06	4.83910988465797e-05	1.25513761618471e-05
ccheques_emitidos_min3	2.29552033360894e-06	5.51678675191721e-05	7.72392379190591e-06
Master_cadelantosefectivo_max3	2.26955966599408e-06	1.14150993452414e-05	9.65490473988238e-06
ccallcenter_transacciones_min3	2.11579168992339e-06	4.50437604038677e-05	1.25513761618471e-05
Master_cadelantosefectivo_tend3	2.07870182748528e-06	3.77509678376284e-06	5.79294284392943e-06
cforex_min3	2.02535189627992e-06	8.95064151368739e-06	1.44823571098236e-05
Master_delinquency_min3	1.97998523884826e-06	1.52456635527668e-06	7.72392379190591e-06
mtarjeta_master_descuentos_tend3	1.93594606712323e-06	3.78711633332946e-05	1.15858856878589e-05
mtarjeta_master_descuentos_min3	1.82845145884908e-06	3.71551673188483e-05	7.72392379190591e-06
Visa_madelantodolares_min3	1.65342534926543e-06	1.03880034323009e-06	4.82745236994119e-06
cseguro_auto_max3	1.63730497748657e-06	2.94486681589112e-05	5.79294284392943e-06
Master_madelantodolares_avg3	1.63531432292837e-06	7.1856841670782e-07	4.82745236994119e-06
ccheques_emitidos_tend3	1.63372312463113e-06	1.32997377070645e-05	6.75843331791767e-06
ctarjeta_master_descuentos_ratioavg3	1.56636390667565e-06	1.85553163023485e-05	1.15858856878589e-05
cinversion2_tend3	1.55415312730872e-06	9.04987836192848e-05	2.89647142196472e-06
mpayroll2_max3	1.36157819879818e-06	9.36616486648225e-05	2.89647142196472e-06
Master_madelantopesos_min3	1.34317443109952e-06	1.35864640941314e-06	7.72392379190591e-06
minversion1_dolares_ratioavg3	1.34159359360629e-06	6.60747244876075e-05	9.65490473988238e-06
ctarjeta_visa_descuentos	1.33326623270404e-06	2.07687398282132e-05	6.75843331791767e-06
ccheques_depositados_rechazados_tend3	1.31920484747523e-06	4.20690665837551e-06	9.65490473988238e-07
ccajeros_propios_descuentos_tend3	1.23022390619823e-06	4.33159421149082e-05	1.93098094797648e-05
Master_madelantodolares_min3	1.20757269079933e-06	4.1192520513166e-06	9.65490473988238e-06
ctarjeta_master_descuentos	1.16913263286283e-06	3.14400290595563e-05	2.89647142196472e-06
Visa_madelantodolares_max3	1.15436757638884e-06	1.472629553618e-05	9.65490473988238e-07
cprestamos_prendarios_ratioavg3	1.03126577826327e-06	2.73417420866705e-06	2.89647142196472e-06
Master_cadelantosefectivo_eficiencia3	1.02989855758499e-06	1.89430737882338e-05	2.89647142196472e-06
Visa_madelantopesos_min3	1.01803520597864e-06	9.38354465926117e-06	2.89647142196472e-06
cseguro_auto_avg3	9.42854067070765e-07	9.19010000920012e-06	2.89647142196472e-06
cseguro_auto_eficiencia3	9.28629486058164e-07	1.92053945088452e-05	4.82745236994119e-06
mcheques_depositados_min3	8.9451156288553e-07	2.85875565018908e-05	1.93098094797648e-06
mcajeros_propios_descuentos	8.76396550865165e-07	4.90341994119422e-05	1.93098094797648e-05
cseguro_vivienda_tend3	8.61270224069414e-07	1.61371295564723e-05	1.93098094797648e-06
Master_madelantopesos_eficiencia3	7.8040922081166e-07	1.45388317213768e-05	2.89647142196472e-06
minversion1_dolares_tend3	6.68832439302356e-07	1.33045288062765e-05	6.75843331791767e-06
Master_madelantodolares_tend3	6.66758019498432e-07	4.29430402520828e-07	1.93098094797648e-06
minversion1_dolares_eficiencia3	5.80198343781333e-07	3.82383737561166e-05	5.79294284392943e-06
mplazo_fijo_pesos_avg3	5.76924956059501e-07	2.10846951359758e-06	3.86196189595295e-06
Master_madelantopesos_ratioavg3	5.68743950008734e-07	9.2210974564506e-06	1.93098094797648e-06
Visa_madelantodolares_avg3	5.52075591939439e-07	2.50619505824604e-06	1.93098094797648e-06
ccajeros_propios_descuentos	4.92353757638329e-07	5.14168548515821e-06	1.93098094797648e-06
ccheques_emitidos_rechazados_tend3	4.57073152572689e-07	2.4379299332328e-05	9.65490473988238e-07
cpayroll2_trx_avg3	4.41150972183046e-07	3.14667177330189e-05	9.65490473988238e-07
ctarjeta_master_descuentos_tend3	4.38485488233979e-07	7.89576365632323e-06	4.82745236994119e-06
mprestamos_hipotecarios_tend3	4.37434955494994e-07	4.70556683675761e-07	1.93098094797648e-06
cpayroll2_trx_max3	4.06830665572222e-07	3.16127015613561e-05	9.65490473988238e-07
cseguro_auto	3.96014966897382e-07	4.72389520287044e-06	1.93098094797648e-06
mtarjeta_master_descuentos_ratioavg3	3.90431020027684e-07	1.93595135593343e-05	2.89647142196472e-06
cseguro_auto_min3	3.33753638297705e-07	3.54756780373758e-06	1.93098094797648e-06
cinversion1_tend3	3.21177529882998e-07	1.4494361317282e-05	3.86196189595295e-06
minversion1_dolares_max3	2.47241792498373e-07	1.29755828670936e-05	2.89647142196472e-06
ccheques_depositados_tend3	2.39867815196486e-07	1.49456571390251e-07	9.65490473988238e-07
ccuenta_corriente_eficiencia3	2.18576622162335e-07	6.17054992465345e-07	1.93098094797648e-06
minversion1_dolares_avg3	1.38603471864475e-07	4.90171250919318e-07	9.65490473988238e-07
Visa_madelantodolares_tend3	1.37117013001673e-07	9.01948542920944e-08	9.65490473988238e-07
mplazo_fijo_pesos_eficiencia3	1.25567139440694e-07	7.8619044115569e-07	9.65490473988238e-07
cseguro_auto_tend3	1.07328331466059e-07	1.5823489410745e-07	9.65490473988238e-07
Master_status_min3	1.06387702510432e-07	9.20598459316458e-08	9.65490473988238e-07
mtarjeta_visa_descuentos_min3	7.08955857463832e-08	3.32364018687835e-06	1.93098094797648e-06
minversion1_dolares	5.88769431123253e-08	4.10124523548645e-06	9.65490473988238e-07
ccuenta_corriente_min3	5.82036972267243e-08	2.54796443996633e-07	9.65490473988238e-07
cliente_vip_max3	5.7210829644359e-08	6.16347581843446e-07	1.93098094797648e-06
minversion1_dolares_min3	5.12311598429424e-08	1.67238302022525e-07	9.65490473988238e-07
cliente_vip_min3	2.8520747729731e-08	2.76501088077619e-07	9.65490473988238e-07
ccheques_depositados_rechazados_min3	2.8140308094124e-08	3.03318381653236e-07	9.65490473988238e-07
cliente_vip_avg3	2.09230383550553e-08	1.18555589224582e-07	9.65490473988238e-07
mcajeros_propios_descuentos_min3	1.35621562218707e-08	3.46923815487642e-06	9.65490473988238e-07
cpagodeservicios_min3	1.18497629703722e-08	4.02291558662529e-07	9.65490473988238e-07
