Feature	Gain	Cover	Frequency
mcaja_ahorro	0.123246991265649	0.0174879687515176	0.0124332100287711
ctrx_quarter_normalizado	0.118366036691724	0.00919962055889175	0.00739827373612824
ctrx_quarter	0.109829526225579	0.00772849016065449	0.00852856555692561
mtarjeta_visa_consumo	0.0415749524527818	0.00954663062530248	0.00893958076448829
ctrx_quarter_normalizado_min3	0.0401851644833725	0.00199640606296296	0.00164406083025072
mcuentas_saldo	0.0314799316162706	0.0178230356246528	0.0142827784628031
Visa_status	0.0289744757818943	0.00424873639163019	0.00534319769831484
cpayroll_trx	0.0256413321661828	0.0115825865417852	0.0104808877928483
mpayroll_sobre_edad	0.0231202312610863	0.015476508958473	0.0135635018495684
mcuenta_corriente	0.0196923796903779	0.0191943376737649	0.0221948212083847
foto_mes	0.0188251043781881	0.0351147681657461	0.052609946568023
Visa_Finiciomora	0.01880843888139	0.0139380344218688	0.0135635018495684
cdescubierto_preacordado_ratioavg3	0.0177119136433942	0.00343845120192701	0.00637073571722154
ctarjeta_visa_transacciones	0.0169607430561682	0.00330669152299029	0.00482942868886149
cproductos_ratioavg3	0.0153140552344019	0.0127265451172142	0.0144882860665845
ctrx_quarter_min3	0.0152451371805684	0.000735395406606034	0.00143855322646938
mpayroll	0.0151489443197498	0.0111313231834782	0.0110974106041924
ctarjeta_visa	0.0120204160611256	0.00365526306027028	0.00380189066995479
mcaja_ahorro_max3	0.010274146438323	0.00108111363713707	0.00184956843403206
mcaja_ahorro_avg3	0.0100127936517529	0.000712735213167122	0.0020550760378134
cdescubierto_preacordado_tend3	0.00891948395223342	0.00528696893401863	0.00729551993423757
mcuentas_saldo_avg3	0.00869648631155118	6.43531713261954e-05	0.00030826140567201
cproductos	0.00867488314023407	0.0113320299937166	0.0106863953966297
cdescubierto_preacordado_eficiencia3	0.00831363885436909	0.00374674719714023	0.00811755034936293
mpasivos_margen_max3	0.00822404561820451	0.000428929655797986	0.00061652281134402
Visa_msaldototal	0.00817695718777615	0.00434205973202319	0.00667899712289355
cdescubierto_preacordado_min3	0.00741829268899674	0.000206342784537752	0.00143855322646938
Visa_mpagospesos	0.00610700318848655	0.00283932483948566	0.0030826140567201
cdescubierto_preacordado	0.0060621692487191	0.00150668862016719	0.00544595150020551
ctarjeta_visa_ratioavg3	0.00601898860931834	0.00155692894107816	0.00226058364159474
ctarjeta_visa_transacciones_ratioavg3	0.00598026271137729	0.00714755166893065	0.00904233456637896
mcuentas_saldo_min3	0.00569541773200433	0.000321281547394138	0.00123304562268804
ccomisiones_mantenimiento_ratioavg3	0.00561168333469141	0.0100659696684082	0.00986436498150432
internet_avg3	0.00544222616443009	0.0153841402810047	0.0150020550760378
ccomisiones_mantenimiento_tend3	0.0054039613701532	0.00642845393146355	0.00791204274558159
cproductos_tend3	0.0053848655467857	0.012585286705853	0.00965885737772298
mcaja_ahorro_min3	0.00502533591986341	0.00125076659424239	0.00184956843403206
mactivos_margen_avg3	0.00478623892332401	0.0134352089281844	0.0147965474722565
Visa_mpagominimo	0.00476530411827127	0.0107262613068327	0.0135635018495684
ctrx_quarter_ratioavg3	0.00416067606521919	0.00924876218182929	0.0082203041512536
ccaja_ahorro	0.00415201808211145	0.0203841135225317	0.0144882860665845
mactivos_margen	0.00372362187367995	0.0243108511204664	0.0219893136046034
mcuenta_corriente_tend3	0.00350597062808606	0.0134822442969702	0.0114056720098644
Master_status	0.00345587977440181	0.00323953294173757	0.00380189066995479
cpayroll_trx_ratioavg3	0.00333660670715659	0.0019838767366302	0.00277435265104809
Visa_delinquency	0.00309840839617104	0.00240486241153449	0.00380189066995479
Master_Finiciomora	0.00305260995439871	0.00728456983318134	0.00678175092478422
ccaja_seguridad	0.0030485810747832	0.0225219246162656	0.0146937936703658
mpayroll_sobre_edad_ratioavg3	0.00282194478140799	0.00211320918378869	0.00380189066995479
ctarjeta_master_ratioavg3	0.00278901646227328	0.000462675379267741	0.00030826140567201
internet_max3	0.00272955991025026	0.00687476530966201	0.00863131935881628
mcuentas_saldo_tend3	0.00261139659556644	0.0125653528408964	0.010275380189067
mpayroll_ratioavg3	0.00243359166782487	0.00229906487784173	0.00339087546239211
mpagomiscuentas	0.00235868771753274	0.0127575316046726	0.00750102753801891
mcuenta_corriente_max3	0.00235773577487096	0.000188690393403346	0.00133579942457871
Visa_msaldopesos	0.00229062111374806	0.00220285601233363	0.00452116728318948
mactivos_margen_min3	0.00227937432283528	0.00743318660925132	0.00863131935881628
ctarjeta_master_transacciones_ratioavg3	0.00212736058532433	0.00617931326859887	0.0041101520756268
mcaja_ahorro_dolares_ratioavg3	0.00211986658698227	0.00904746320835822	0.00852856555692561
ctarjeta_visa_eficiencia3	0.00210234874519099	0.000840329936041468	0.00123304562268804
ccaja_ahorro_tend3	0.00205395442897297	0.00428667601600465	0.00390464447184546
cpayroll_trx_min3	0.00199754485240913	0.00240052705994196	0.00267159884915742
mpayroll_tend3	0.0019577769118825	0.00779302923367636	0.00750102753801891
mpasivos_margen	0.00178549473638041	0.00483577345825848	0.00369913686806412
Visa_mpagominimo_avg3	0.00174418836387922	0.00412141630017652	0.00667899712289355
mtarjeta_master_consumo	0.00167704503339206	0.00530369939746669	0.00421290587751747
mtarjeta_visa_consumo_ratioavg3	0.00159595373122478	0.000381441162397081	0.00164406083025072
thomebanking_ratioavg3	0.00157627517904697	0.00584468022351721	0.00678175092478422
mttarjeta_visa_debitos_automaticos_ratioavg3	0.0015559574032226	0.00620885664891823	0.00565145910398685
mcuenta_debitos_automaticos	0.00153317087896948	0.0126912420578527	0.00780928894369092
Master_fechaalta	0.00147604145718023	0.00543727881107417	0.00565145910398685
Visa_fechaalta	0.00140370965024545	0.00753832289112942	0.00760378133990958
Visa_mpagospesos_ratioavg3	0.00133807041404673	1.9379433393416e-05	0.00010275380189067
mactivos_margen_max3	0.00130223128987131	0.00635309844652821	0.00709001233045623
ccomisiones_mantenimiento_eficiencia3	0.00122850446568263	0.00350689438284884	0.00544595150020551
mcuentas_saldo_ratioavg3	0.00122512428448496	0.0068654926226728	0.00801479654747226
mtransferencias_emitidas_eficiencia3	0.00118324428883758	0.00706107998621485	0.00637073571722154
mpayroll_sobre_edad_tend3	0.00116989295768272	0.00766248696102477	0.00606247431154953
mrentabilidad_annual_max3	0.00115695368182458	0.00372088480822786	0.00431565967940814
Visa_Finiciomora_max3	0.00115190990048593	0.000482175416170864	0.00061652281134402
ccallcenter_transacciones_tend3	0.00114787963837779	0.00806663087267062	0.00554870530209618
Visa_delinquency_avg3	0.00113632542664346	0.00052325331615864	0.00143855322646938
mpayroll_sobre_edad_eficiencia3	0.00112703974797852	0.00694563107051241	0.00472667488697082
kmes_eficiencia3	0.00112611208419482	0.00421593154782688	0.00452116728318948
ctrx_quarter_tend3	0.00112567872840334	0.00316024354260631	0.00318536785861077
Visa_msaldopesos_ratioavg3	0.00105931086651736	0.00396673850858084	0.00554870530209618
ccaja_ahorro_ratioavg3	0.00104853179716089	0.00664336214955145	0.00421290587751747
mtransferencias_recibidas	0.00103051721627329	0.00305930788097131	0.00287710645293876
Visa_Finiciomora_ratioavg3	0.0010013343208398	0.000609302197427545	0.00071927661323469
internet	0.000983585358240073	0.0113692316969024	0.0082203041512536
mcomisiones_mantenimiento_ratioavg3	0.000974502908033283	0.000624497378197029	0.00164406083025072
ccaja_ahorro_eficiencia3	0.00093755208620898	0.00352436311206704	0.00287710645293876
Visa_mpagominimo_min3	0.000922221225737794	0.00425035764738211	0.0051376900945335
ccheques_emitidos_rechazados_avg3	0.000914262423470656	0.00939774473111513	0.00606247431154953
mplazo_fijo_dolares_ratioavg3	0.000899400674706219	0.00922107247745412	0.00575421290587752
ccaja_ahorro_max3	0.000898686795436805	0.000483124738082989	0.00113029182079737
ctrx_quarter_normalizado_avg3	0.00089602625525588	0.000566123212009939	0.00082203041512536
ctrx_quarter_normalizado_ratioavg3	0.000879834591468788	0.000616872824313331	0.0010275380189067
Visa_fultimo_cierre_min3	0.000851512050602678	0.000721978955314005	0.00133579942457871
Visa_Finiciomora_tend3	0.000840909218424752	0.000254210489831324	0.00041101520756268
mactivos_margen_eficiencia3	0.000817651096734964	0.00364573796736432	0.00390464447184546
mcaja_ahorro_ratioavg3	0.000801129199976943	0.00120278827830134	0.00164406083025072
Master_mpagospesos	0.000799233230802077	0.00291069403384372	0.00215782983970407
cprestamos_hipotecarios_eficiencia3	0.000758313932752238	0.00852323438209678	0.00534319769831484
internet_eficiencia3	0.000750404774120798	0.00528202229492262	0.00431565967940814
Visa_mpagominimo_max3	0.000738614913250984	0.000820559058113687	0.00267159884915742
cliente_edad	0.000720054307507042	0.0161786887801798	0.00986436498150432
Visa_mconsumospesos	0.000719947039761224	0.000155508577486837	0.00030826140567201
ctrx_quarter_normalizado_tend3	0.000712316173628113	0.00180278315830331	0.0020550760378134
Visa_fultimo_cierre_eficiencia3	0.000696623223124562	0.00792498170593789	0.00554870530209618
Master_delinquency	0.000685403179462036	0.00154204939692265	0.00164406083025072
internet_ratioavg3	0.000681884063881683	0.00200456954224432	0.00256884504726675
Master_msaldototal	0.000645150318415265	0.00364853993147628	0.0030826140567201
ctarjeta_debito_eficiencia3	0.000636592429203119	0.012145473789339	0.00709001233045623
Visa_Finiciomora_avg3	0.000629078395949449	0.00031522811266047	0.00030826140567201
Visa_cconsumos_ratioavg3	0.000624948848101476	0.00325533768710326	0.00369913686806412
ccuenta_debitos_automaticos_ratioavg3	0.000604713973845653	0.00579020999293935	0.00369913686806412
tcallcenter_ratioavg3	0.00059202114925057	0.00203630049793905	0.0020550760378134
mpayroll_eficiencia3	0.000562532027105669	0.00384490277558575	0.00287710645293876
cmobile_app_trx	0.000548854575231775	0.00302506768311176	0.00369913686806412
Master_mpagominimo	0.000543845462907807	0.00344440694781782	0.00328812166050144
ctarjeta_visa_max3	0.000542904241711184	5.21696324848318e-06	0.00010275380189067
tcuentas_avg3	0.000542345226120951	0.00542051526780631	0.00390464447184546
ccallcenter_transacciones_ratioavg3	0.00052323966200039	0.00331217657061178	0.00246609124537608
ctarjeta_debito_transacciones	0.000517579165914706	4.75487951557592e-06	0.00010275380189067
thomebanking	0.000517254547150354	0.00229518058337552	0.00297986025482943
mtarjeta_visa_consumo_avg3	0.000511704556538788	0.000116373083168262	0.00020550760378134
mpayroll_min3	0.000501637380011988	0.000392283762501227	0.00092478421701603
Visa_mpagominimo_tend3	0.000483232619169838	0.000776173865308279	0.0010275380189067
mpasivos_margen_avg3	0.000476327439140325	5.5231583305573e-05	0.00041101520756268
Master_msaldopesos	0.000472790363918871	0.00267166304632562	0.00267159884915742
mcomisiones_mantenimiento_eficiencia3	0.000470488774062169	0.0016367744946799	0.00267159884915742
mcomisiones_mantenimiento	0.000460569455836479	0.00478983316934076	0.00431565967940814
mttarjeta_visa_debitos_automaticos_tend3	0.000442247060004617	0.00633436251900445	0.00452116728318948
Visa_msaldopesos_min3	0.000441201508603745	0.000629865440414103	0.00133579942457871
mprestamos_hipotecarios_eficiencia3	0.000441157424548807	0.00527893674027212	0.00328812166050144
mpayroll_sobre_edad_max3	0.000434511584922437	0.000746408057658868	0.00133579942457871
mcaja_ahorro_dolares_tend3	0.000434153486148326	0.00179138009646049	0.00164406083025072
Visa_mpagado_eficiencia3	0.000429217755185183	0.00706789529054842	0.00472667488697082
Master_fultimo_cierre_eficiencia3	0.000426809397383356	0.00337162496948891	0.00236333744348541
Visa_mfinanciacion_limite	0.00041680106868707	0.00292597432623291	0.00256884504726675
ccaja_seguridad_ratioavg3	0.000406625130117584	0.000961299908127589	0.0010275380189067
chomebanking_transacciones_ratioavg3	0.000405401470986838	0.000746180117025521	0.00174681463214139
mpayroll_max3	0.000404465874717746	0.00226488394799266	0.00226058364159474
chomebanking_transacciones	0.000381175980713115	0.00169713000424075	0.00226058364159474
active_quarter_ratioavg3	0.000379445874916885	0.000608086341758967	0.00297986025482943
Visa_msaldototal_min3	0.000375426551756124	0.000510895074518929	0.00133579942457871
mtransferencias_recibidas_min3	0.000366288554241284	0.00494810305032771	0.00349362926428278
ccajas_consultas_tend3	0.000364845820570917	0.00340440776007901	0.0020550760378134
cplazo_fijo_ratioavg3	0.000361559693797736	0.00390007715836957	0.00246609124537608
mrentabilidad_min3	0.000360640905432904	0.00269079438107049	0.0030826140567201
cdescubierto_preacordado_avg3	0.000356330355707828	6.38764428813951e-05	0.00071927661323469
ccajas_consultas_ratioavg3	0.000353098178309935	0.00451943389811069	0.00267159884915742
mtransferencias_emitidas_max3	0.000345200841317805	0.000964817567924296	0.00236333744348541
ccajas_consultas	0.000338895242418255	0.00717471089015383	0.00421290587751747
Visa_msaldototal_ratioavg3	0.000334427404546685	0.000844115507920453	0.00184956843403206
tmobile_app_ratioavg3	0.000327310440226703	0.00126956713078921	0.00215782983970407
mprestamos_prendarios	0.000325318194837127	0.00716738560526493	0.00431565967940814
ctransferencias_emitidas_max3	0.000324495419768355	0.000798134730681617	0.00226058364159474
Master_status_eficiencia3	0.000321584816383697	0.00131244391826963	0.00113029182079737
mactivos_margen_ratioavg3	0.000320177663009156	0.00354229685396052	0.00400739827373613
tmobile_app	0.000317372757005723	0.000719650273832285	0.00143855322646938
thomebanking_avg3	0.000315837455039386	0.000535250264141414	0.00113029182079737
mcomisiones_mantenimiento_tend3	0.000308293046768626	0.00225098904534855	0.0020550760378134
cproductos_min3	0.000292352530022728	0.00015345952385691	0.00051376900945335
ccuenta_debitos_automaticos_tend3	0.000290341138029217	0.00567814366110274	0.00380189066995479
ctarjeta_visa_min3	0.000290053270186833	7.25834994100805e-05	0.00051376900945335
cmobile_app_trx_max3	0.000289110343847901	5.66667650710904e-05	0.00082203041512536
mpayroll_sobre_edad_min3	0.000288307502607447	0.0003740510961944	0.00123304562268804
Master_fultimo_cierre_min3	0.000287697560440611	0.000216351325226908	0.00071927661323469
mplazo_fijo_dolares	0.00028759419512228	0.00555557603709445	0.00328812166050144
mcuentas_saldo_eficiencia3	0.000285088543125576	0.00218967801140936	0.00195232223592273
mcuenta_corriente_min3	0.000284533096081672	0.000463334391302927	0.00226058364159474
mtarjeta_visa_consumo_max3	0.000282419996433625	7.93223066603422e-05	0.00020550760378134
mrentabilidad_annual_min3	0.000281201737600885	0.0018702653015435	0.00215782983970407
Master_status_max3	0.000274348564411785	0.000590236505450096	0.00082203041512536
Master_fultimo_cierre_avg3	0.000268978302436329	0.000154687612167187	0.00051376900945335
ctransferencias_emitidas_eficiencia3	0.00025992077334385	0.000875317531079751	0.0010275380189067
mrentabilidad	0.000258984063627041	0.00119946909742347	0.00195232223592273
mcomisiones_mantenimiento_max3	0.000249087358447285	0.003979345538032	0.00277435265104809
Visa_cconsumos_tend3	0.00023273213577628	0.00311394523355549	0.00256884504726675
mcaja_ahorro_dolares_eficiencia3	0.000229079278839463	0.00227487629335337	0.00215782983970407
mrentabilidad_annual_avg3	0.000227087230000722	0.000617454305520849	0.0010275380189067
active_quarter_avg3	0.000223637747020723	0.000218017376568151	0.00143855322646938
Visa_fechaalta_tend3	0.00021950076699858	0.000588336138718565	0.00113029182079737
chomebanking_transacciones_eficiencia3	0.000216249915229278	8.16206649739077e-05	0.00082203041512536
Visa_mpagospesos_tend3	0.000214303379395571	0.00520861180001741	0.00318536785861077
ctrx_quarter_eficiencia3	0.00021278649705034	0.00294450746756964	0.00236333744348541
mrentabilidad_annual	0.000210171089025298	0.000397064485626026	0.00071927661323469
active_quarter	0.000209862460820046	0.000610673287042189	0.0020550760378134
ccaja_ahorro_avg3	0.000209594201603689	0.00012471229899234	0.00041101520756268
Visa_mconsumototal	0.000208630250962196	9.46022544680776e-05	0.00010275380189067
ccajas_transacciones_ratioavg3	0.000200333118340249	0.00394318912269393	0.00246609124537608
thomebanking_max3	0.000199471140314028	0.000620632380292365	0.00133579942457871
minversion1_pesos	0.00019697868581248	0.0061059954661054	0.00349362926428278
cproductos_max3	0.000195566214333918	6.71239508163574e-05	0.00020550760378134
chomebanking_transacciones_tend3	0.000188081986355176	0.00413797240540769	0.00277435265104809
mcaja_ahorro_dolares	0.000185094226812618	0.00373226512769458	0.00267159884915742
mcuenta_corriente_avg3	0.000179912851721139	0.000509620295421322	0.00133579942457871
Visa_status_max3	0.000179515711824941	0.00010896165291529	0.00051376900945335
cplazo_fijo	0.000179148814210204	0.00362926283877538	0.00215782983970407
tcallcenter_eficiencia3	0.000177371852226481	0.00221899190047883	0.00195232223592273
Visa_fechaalta_ratioavg3	0.000174470488773153	0.000561435009006159	0.00195232223592273
cmobile_app_trx_min3	0.000170526316951776	0.00142236574741292	0.00143855322646938
mprestamos_hipotecarios_max3	0.00016861610932811	0.00519561746100935	0.00297986025482943
ccaja_seguridad_min3	0.000164121772830334	0.000305132220572141	0.00041101520756268
active_quarter_tend3	0.000158786811895361	0.00052309187974636	0.00133579942457871
tcuentas_max3	0.000157487461293327	0.00160453510904639	0.00133579942457871
active_quarter_eficiencia3	0.000155297779824235	0.000759382410942455	0.00123304562268804
Visa_delinquency_max3	0.000152622036819116	0.000213561593756649	0.00082203041512536
mpayroll_avg3	0.000151451896183386	0.000528891013365274	0.00071927661323469
tcallcenter_tend3	0.000146741236857679	0.000291471633318319	0.00041101520756268
Visa_fultimo_cierre_avg3	0.000146397030909209	3.56245538602664e-05	0.00030826140567201
ctransferencias_emitidas_avg3	0.000141543502099948	0.000203987053411712	0.00071927661323469
mrentabilidad_annual_tend3	0.000140592804089949	0.00244403925562782	0.00174681463214139
Visa_delinquency_eficiencia3	0.000139373345020812	0.000105385586561739	0.00082203041512536
ccheques_emitidos_rechazados_max3	0.0001374045269592	0.00072832562886699	0.00092478421701603
cdescubierto_preacordado_max3	0.000135429779188631	3.48685421451296e-05	0.00082203041512536
Master_Finiciomora_tend3	0.000134981035764124	0.000268690147206787	0.00051376900945335
mactivos_margen_tend3	0.0001298076702468	0.00034738445416301	0.00133579942457871
mrentabilidad_annual_ratioavg3	0.000127842342621704	0.0034892020202655	0.0020550760378134
Master_mconsumototal	0.000124685694859737	0.000141491520716466	0.00020550760378134
ccomisiones_mantenimiento	0.000122189950556681	9.99179403037926e-05	0.00041101520756268
active_quarter_min3	0.000119376990563709	0.000155486351982905	0.00071927661323469
Master_msaldopesos_ratioavg3	0.000115608051724798	0.00257445644521077	0.00154130702836005
kmes	0.000114560044204271	0.000159526397267373	0.00082203041512536
Master_status_tend3	0.000112549623222937	0.00013611157043915	0.00020550760378134
Master_Finiciomora_avg3	0.000109791112405949	0.000277942676180806	0.00041101520756268
Visa_Finiciomora_eficiencia3	0.000105870103972842	0.00238430106374594	0.00174681463214139
mtransferencias_recibidas_eficiencia3	0.000104066039926324	5.90099189739758e-05	0.00051376900945335
minversion2	0.000102626185598059	0.00359176203888553	0.0020550760378134
Visa_Finiciomora_min3	0.000100215658079223	6.69595854616991e-05	0.00030826140567201
ccallcenter_transacciones_max3	9.98547749200363e-05	0.00209029658443304	0.00143855322646938
ctarjeta_debito_transacciones_tend3	9.98157281822121e-05	0.0025765421967658	0.00164406083025072
Visa_msaldopesos_avg3	9.78191693952213e-05	0.000123043835580903	0.00051376900945335
mtransferencias_emitidas_avg3	9.63116071332197e-05	5.89525461615007e-05	0.00051376900945335
mtarjeta_master_consumo_ratioavg3	9.21970032749652e-05	0.000433330822448664	0.00030826140567201
Visa_mlimitecompra_eficiencia3	9.04100708034319e-05	0.00048028090732409	0.00082203041512536
ctarjeta_visa_debitos_automaticos_ratioavg3	8.53019576107121e-05	0.000157429102233563	0.00061652281134402
cliente_antiguedad_max3	8.42026079489597e-05	8.24264687094809e-05	0.00071927661323469
ctarjeta_master_eficiencia3	8.35397471500455e-05	0.000253568534578224	0.0010275380189067
Master_Finiciomora_max3	8.35361398040717e-05	0.000396466636799334	0.00030826140567201
cliente_edad_min3	8.32162913540112e-05	0.000861506017148067	0.00092478421701603
Master_status_avg3	8.2147507644445e-05	3.75657534943701e-05	0.00010275380189067
mcaja_ahorro_tend3	8.13921352174633e-05	0.00107290243332401	0.0010275380189067
Visa_fechaalta_min3	8.13747024347051e-05	0.000759324865839252	0.00092478421701603
ctrx_quarter_max3	8.00196799573376e-05	1.71658421181019e-05	0.00030826140567201
cmobile_app_trx_avg3	7.6842790011976e-05	0.000143698048071926	0.00061652281134402
mcheques_emitidos_rechazados_min3	7.67763486824511e-05	0.0010649057314675	0.00071927661323469
numero_de_cliente	7.6218165242507e-05	5.54869181646963e-05	0.00061652281134402
cliente_antiguedad_ratioavg3	7.60153896170613e-05	0.000182400920372108	0.00092478421701603
mttarjeta_visa_debitos_automaticos_eficiencia3	7.51126867683549e-05	0.000704745575230467	0.00082203041512536
mcomisiones	7.48505201173609e-05	0.000271195598975593	0.00071927661323469
ctarjeta_visa_debitos_automaticos_avg3	7.31706271884689e-05	0.000869173816004531	0.00092478421701603
Master_mpagospesos_ratioavg3	7.20587534096161e-05	0.00232665878857204	0.00133579942457871
mcheques_emitidos_rechazados	7.09505737654176e-05	0.0018923881202013	0.00113029182079737
thomebanking_eficiencia3	6.99787907007811e-05	0.000753053655625198	0.00082203041512536
Visa_mfinanciacion_limite_min3	6.94460143917571e-05	0.000253083363887744	0.00051376900945335
cproductos_eficiencia3	6.90574354330963e-05	0.000183597996351317	0.00082203041512536
Visa_fechaalta_eficiencia3	6.88849587570141e-05	3.70928154455892e-05	0.0010275380189067
cliente_edad_avg3	6.77114257049253e-05	0.000938478450567125	0.00061652281134402
mpayroll_sobre_edad_avg3	6.71453843157554e-05	2.21934578563445e-05	0.00051376900945335
cmobile_app_trx_tend3	6.44078462386413e-05	9.50683008877324e-06	0.00041101520756268
Visa_mlimitecompra_min3	6.23251496863744e-05	4.97129389920933e-05	0.00041101520756268
cmobile_app_trx_eficiencia3	6.13623022821653e-05	0.00027185547246442	0.00041101520756268
ctrx_quarter_normalizado_eficiencia3	6.05617808520856e-05	0.000850147234022373	0.00071927661323469
mcheques_depositados_avg3	5.96170773872922e-05	0.00122478997657725	0.00071927661323469
mrentabilidad_tend3	5.88409782918712e-05	8.98596075942005e-05	0.00041101520756268
cmobile_app_trx_ratioavg3	5.87038674925218e-05	0.000193819488380471	0.00041101520756268
Visa_delinquency_ratioavg3	5.84946924782023e-05	9.61440841943218e-05	0.00020550760378134
Master_mlimitecompra_eficiencia3	5.63544223574585e-05	0.000136199783291964	0.00071927661323469
ctarjeta_debito_ratioavg3	5.59141974971907e-05	0.000938194860028585	0.0010275380189067
tmobile_app_tend3	5.56092603634626e-05	5.38215559863661e-05	0.00030826140567201
ctarjeta_visa_avg3	5.51676137004016e-05	0.000118336680597026	0.00020550760378134
Visa_fechaalta_max3	5.46579170540987e-05	0.000409699598465879	0.00061652281134402
ccheques_depositados_eficiencia3	5.429145236172e-05	0.00136598998138168	0.00082203041512536
Master_cconsumos_ratioavg3	5.37787946898512e-05	0.000685415244694575	0.00041101520756268
ctarjeta_visa_debitos_automaticos_max3	5.29115148963023e-05	0.000666160377497614	0.00071927661323469
ccajas_depositos_eficiencia3	5.26156931266223e-05	0.00134967387713483	0.00092478421701603
Visa_status_ratioavg3	5.2466859729162e-05	0.000257387875439927	0.00061652281134402
ccallcenter_transacciones_avg3	5.20869948645329e-05	0.00112313603489659	0.00071927661323469
Master_Finiciomora_ratioavg3	5.09117510543973e-05	0.000109666494284165	0.00010275380189067
Visa_Fvencimiento_avg3	5.06298486574851e-05	0.000994040487489296	0.00071927661323469
mcomisiones_otras	5.03941300910541e-05	0.000191497181655692	0.00030826140567201
ccheques_emitidos_rechazados_min3	4.9742244997078e-05	0.00120233808262868	0.00071927661323469
ccheques_emitidos_ratioavg3	4.97174438553556e-05	0.00102416173091089	0.00061652281134402
mtarjeta_master_consumo_max3	4.96116234384128e-05	0.000895486572880294	0.00051376900945335
ccallcenter_transacciones_eficiencia3	4.95874885274427e-05	7.61402692020781e-05	0.00020550760378134
Master_fultimo_cierre_max3	4.86745711615773e-05	0.00101288099548505	0.00071927661323469
mcuenta_debitos_automaticos_ratioavg3	4.8174785272052e-05	0.00021742125064874	0.00020550760378134
Master_mconsumospesos	4.75258326144295e-05	8.94554135459528e-05	0.00010275380189067
tmobile_app_max3	4.68402633020334e-05	6.48917521424027e-05	0.00030826140567201
Visa_Fvencimiento_eficiencia3	4.3379786238317e-05	0.000359200496881222	0.00041101520756268
cliente_edad_max3	4.32686410805721e-05	0.000676756601860501	0.00051376900945335
mtransferencias_emitidas_ratioavg3	4.26969247327487e-05	0.000108277486433793	0.00030826140567201
cpayroll_trx_avg3	4.26263287780418e-05	0.00012947803282379	0.00030826140567201
Master_mpagominimo_avg3	4.24806126257721e-05	7.35524624652149e-05	0.00030826140567201
ccallcenter_transacciones	4.22938357277718e-05	0.000752197542997004	0.00051376900945335
Master_cconsumos_tend3	4.15475005550258e-05	0.00103391441986874	0.00061652281134402
chomebanking_transacciones_max3	4.14796256807097e-05	6.52644169873984e-05	0.00020550760378134
mtarjeta_visa_consumo_tend3	4.13328731694919e-05	0.000284060030774618	0.00020550760378134
Visa_Fvencimiento_tend3	4.04739705256862e-05	0.000127858844560604	0.00020550760378134
mcaja_ahorro_dolares_avg3	3.98982164621385e-05	0.000503153535230815	0.00051376900945335
ccomisiones_otras_avg3	3.94845657852811e-05	0.000104693150125291	0.00051376900945335
mcomisiones_mantenimiento_avg3	3.94628834203142e-05	7.22518397583853e-05	0.00020550760378134
Visa_mlimitecompra_avg3	3.93975509438115e-05	0.000760710944747245	0.00061652281134402
ctarjeta_visa_debitos_automaticos_tend3	3.92002496420111e-05	0.000179699918626848	0.00020550760378134
mcaja_ahorro_dolares_max3	3.84900951385502e-05	0.000349507765096772	0.00041101520756268
kmes_ratioavg3	3.81068797203368e-05	4.68079450246998e-06	0.00030826140567201
Visa_msaldopesos_tend3	3.80408743763004e-05	5.13040438665894e-05	0.00030826140567201
ctarjeta_visa_tend3	3.78549658756255e-05	4.52537103660286e-05	0.00030826140567201
mpasivos_margen_min3	3.7746884358298e-05	0.000705748134977592	0.00051376900945335
ccajas_extracciones_avg3	3.76960680543711e-05	2.77560363055033e-07	0.00020550760378134
ctransferencias_recibidas_avg3	3.74912314530272e-05	6.00605478342549e-06	0.00020550760378134
cforex_avg3	3.67004436287128e-05	0.000197464987897467	0.00051376900945335
Master_msaldototal_max3	3.65217242939032e-05	0.000775321887657561	0.00051376900945335
ctarjeta_master_transacciones_min3	3.59938806450547e-05	2.89189987205384e-06	0.00030826140567201
cproductos_avg3	3.57329520090602e-05	0.000108062812186514	0.00030826140567201
Master_mfinanciacion_limite	3.56553588446282e-05	0.000389768490160916	0.00041101520756268
mrentabilidad_eficiencia3	3.55990830221839e-05	9.16348912570926e-05	0.00020550760378134
tmobile_app_avg3	3.52081377956786e-05	2.19462206614445e-05	0.00020550760378134
ccajas_consultas_max3	3.51260535722978e-05	0.000965339436539872	0.00061652281134402
ctarjeta_debito_min3	3.47860772956924e-05	7.79550074417172e-05	0.00051376900945335
mcuenta_debitos_automaticos_min3	3.42807772618332e-05	0.000991067610975011	0.00061652281134402
ctransferencias_recibidas_min3	3.41861929158696e-05	6.0119126681827e-06	0.00020550760378134
active_quarter_max3	3.3863143495068e-05	7.35388514976908e-05	0.00030826140567201
cpagomiscuentas_tend3	3.38158380485234e-05	0.000247790075846689	0.00051376900945335
Visa_mconsumospesos_max3	3.36673538478712e-05	0.000100515789130485	0.00030826140567201
Visa_mlimitecompra_tend3	3.25637392882606e-05	5.45834255862602e-06	0.00030826140567201
ctarjeta_visa_debitos_automaticos_eficiencia3	3.24142861175181e-05	5.88958625119383e-05	0.00041101520756268
ctarjeta_visa_transacciones_min3	3.23711271278089e-05	1.10943168579781e-05	0.00030826140567201
ccheques_depositados_avg3	3.12576824738413e-05	0.000709265794774298	0.00041101520756268
ctarjeta_debito_transacciones_ratioavg3	3.09374603219336e-05	5.77297988637965e-05	0.00041101520756268
ctarjeta_debito	3.09234020872771e-05	5.76574367579721e-05	0.00041101520756268
cliente_antiguedad_eficiencia3	3.07866210849132e-05	4.11223509956396e-06	0.00020550760378134
mautoservicio	3.06328014225043e-05	0.000666305446290719	0.00041101520756268
cliente_antiguedad_min3	2.99878823964328e-05	1.8278323349788e-06	0.00020550760378134
kmes_max3	2.99405774604098e-05	2.23650594215853e-06	0.00020550760378134
ctrx_quarter_avg3	2.99352271935252e-05	0.00012596433571383	0.00010275380189067
ctarjeta_visa_transacciones_tend3	2.99206757949556e-05	0.00018847072272495	0.00030826140567201
Visa_msaldototal_avg3	2.98601621323005e-05	6.74990277315472e-05	0.00020550760378134
Visa_fechaalta_avg3	2.82873245722209e-05	0.000225304412915397	0.00030826140567201
Visa_mlimitecompra	2.73993267891006e-05	1.23098279451e-05	0.00020550760378134
Master_msaldopesos_max3	2.71615804306787e-05	0.000143937876765515	0.00030826140567201
ctrx_quarter_normalizado_max3	2.65739919647789e-05	3.47751605704705e-06	0.00020550760378134
chomebanking_transacciones_min3	2.60184499638482e-05	9.63846020508239e-06	0.00010275380189067
Master_mpagominimo_tend3	2.55114100722082e-05	7.82079302306463e-05	0.00010275380189067
ccheques_emitidos_rechazados	2.51672036132169e-05	0.000518192276019136	0.00041101520756268
Master_Fvencimiento_max3	2.51234222976172e-05	1.67818060850481e-05	0.00030826140567201
cextraccion_autoservicio_avg3	2.51069886057266e-05	3.95837947932302e-06	0.00020550760378134
mcuenta_corriente_ratioavg3	2.48301536467053e-05	1.53945211419574e-05	0.00020550760378134
Visa_cadelantosefectivo_max3	2.46476881040332e-05	2.05313692018493e-05	0.00020550760378134
mcomisiones_otras_eficiencia3	2.41767420929978e-05	9.37699179603688e-05	0.00020550760378134
Visa_mpagospesos_min3	2.41674056730757e-05	2.77233010671542e-06	0.00020550760378134
tcuentas	2.38719433106367e-05	9.39935513255118e-05	0.00010275380189067
ccaja_seguridad_tend3	2.38560660873439e-05	0.000897940509721382	0.00051376900945335
Visa_mpagosdolares_max3	2.37728561637264e-05	1.10433188024447e-05	0.00020550760378134
Master_mpagominimo_ratioavg3	2.36675018530494e-05	0.000139050677970717	0.00010275380189067
Visa_mconsumospesos_avg3	2.34716790219453e-05	0.000161189864247694	0.00020550760378134
mcheques_emitidos_rechazados_avg3	2.34563909406357e-05	0.000116388589333796	0.00020550760378134
chomebanking_transacciones_avg3	2.31899823652578e-05	3.00595633409135e-06	0.00010275380189067
mcheques_depositados_max3	2.28583097232781e-05	0.000537807747710122	0.00030826140567201
ccajas_depositos	2.28350942617984e-05	0.000590882423389943	0.00041101520756268
mtransferencias_recibidas_avg3	2.28036052864703e-05	3.20460754365215e-08	0.00010275380189067
ctransferencias_emitidas_ratioavg3	2.22189860144828e-05	7.51135887530123e-06	0.00020550760378134
ctarjeta_visa_transacciones_avg3	2.17956333842023e-05	7.58234265530041e-06	0.00020550760378134
Master_cconsumos_max3	2.17815945493686e-05	2.34815033400189e-06	0.00020550760378134
Visa_status_avg3	2.14453603964525e-05	4.68113908392629e-07	0.00020550760378134
ctransferencias_recibidas_tend3	2.13853516397086e-05	1.09060030921065e-07	0.00020550760378134
Visa_status_tend3	2.10670720226764e-05	4.18073789307773e-05	0.00020550760378134
Visa_mconsumototal_max3	2.09475078524131e-05	0.000151018508820433	0.00020550760378134
ctransferencias_recibidas	2.07373271104444e-05	5.62219104109984e-05	0.00020550760378134
cpayroll_trx_tend3	2.06619322522343e-05	5.24971571590513e-05	0.00010275380189067
mplazo_fijo_dolares_tend3	2.05489604480282e-05	0.000156048364338142	0.00030826140567201
ccheques_depositados_max3	2.03924493154843e-05	0.000325709763689135	0.00020550760378134
ctransferencias_recibidas_eficiencia3	2.01084185538162e-05	1.51421152252127e-05	0.00010275380189067
mrentabilidad_annual_eficiencia3	1.98587673410545e-05	0.000285057766381354	0.00020550760378134
Master_msaldopesos_tend3	1.98206242265496e-05	0.000475875605695937	0.00030826140567201
Master_mpagominimo_max3	1.9754378937338e-05	3.7580225915535e-05	0.00020550760378134
kmes_min3	1.85502074389888e-05	5.3561913859039e-05	0.00020550760378134
Visa_mpagado_min3	1.81357343117544e-05	9.59659355814112e-07	0.00020550760378134
mautoservicio_ratioavg3	1.80545736220371e-05	3.82163232838772e-05	0.00020550760378134
mcomisiones_mantenimiento_min3	1.7427122094196e-05	3.22498953679269e-05	0.00010275380189067
ctransferencias_emitidas_tend3	1.73262639476843e-05	0.000438175810015064	0.00030826140567201
ctransferencias_recibidas_max3	1.70368558614843e-05	3.00595633409135e-06	0.00010275380189067
kmes_avg3	1.67473002345276e-05	3.53402741588134e-06	0.00010275380189067
Visa_mfinanciacion_limite_max3	1.61634544028387e-05	4.87927342130263e-07	0.00010275380189067
Visa_cconsumos_avg3	1.59276771264181e-05	0.000161349577752692	0.00020550760378134
Visa_mpagosdolares_tend3	1.5875379288665e-05	1.44724211648807e-07	0.00010275380189067
ctarjeta_master	1.56746993545896e-05	0.000103127199697105	0.00020550760378134
cpagomiscuentas_ratioavg3	1.54783976541785e-05	0.000538764305832829	0.00030826140567201
tcallcenter	1.53207730739175e-05	0.000142115385443109	0.00010275380189067
mtarjeta_visa_consumo_min3	1.49870139299572e-05	9.48736123649191e-06	0.00020550760378134
cliente_antiguedad_avg3	1.42286968141025e-05	1.20836102190346e-05	0.00010275380189067
ccomisiones_mantenimiento_min3	1.42102761719529e-05	1.69956188786864e-05	0.00010275380189067
tcuentas_min3	1.3915008828784e-05	0.000249863767050743	0.00020550760378134
Visa_cconsumos_min3	1.37491163504127e-05	6.21263136648134e-06	0.00020550760378134
Visa_mfinanciacion_limite_eficiencia3	1.31275337794518e-05	8.00883112377119e-05	0.00020550760378134
Visa_mpagosdolares_ratioavg3	1.26472477748427e-05	1.44551920920654e-07	0.00010275380189067
Visa_mpagominimo_ratioavg3	1.26322231227042e-05	1.04664894445874e-05	0.00010275380189067
mcomisiones_eficiencia3	1.19633805416253e-05	3.92156095071665e-05	0.00020550760378134
mforex_buy_tend3	1.17486714726275e-05	1.17192153289903e-06	0.00010275380189067
Master_mfinanciacion_limite_tend3	1.15825599804687e-05	8.56284918922108e-07	0.00010275380189067
Visa_mconsumosdolares_min3	1.13643293331341e-05	4.49678800480222e-08	0.00010275380189067
cforex_sell_ratioavg3	1.10584421186167e-05	3.65807674015175e-06	0.00010275380189067
Visa_cconsumos_eficiencia3	1.06157881963416e-05	1.03891309076465e-07	0.00010275380189067
Visa_mconsumototal_avg3	1.05093046117764e-05	8.77459449412153e-05	0.00010275380189067
Visa_mpagosdolares_avg3	1.03337362165862e-05	5.66836495624494e-08	0.00010275380189067
Visa_madelantopesos	1.02614820875624e-05	1.00185335513887e-05	0.00010275380189067
mpasivos_margen_tend3	1.00246255683752e-05	4.7476605340663e-05	0.00010275380189067
mcomisiones_otras_min3	9.99586992595736e-06	1.1914420723988e-05	0.00010275380189067
Master_mpagominimo_min3	9.90171952339564e-06	4.5984567634855e-05	0.00010275380189067
cpagomiscuentas_eficiencia3	9.74779214091876e-06	2.32592483007011e-08	0.00010275380189067
mautoservicio_eficiencia3	9.63140035218415e-06	2.25700853880878e-08	0.00010275380189067
mforex_buy	9.37891676531219e-06	4.49334219023915e-07	0.00010275380189067
cseguro_vida_avg3	9.26137017660688e-06	9.23133721445604e-07	0.00010275380189067
Master_msaldototal_tend3	9.16158463608032e-06	4.5984567634855e-05	0.00010275380189067
catm_trx_other_eficiencia3	9.02297494516868e-06	3.96613256208992e-07	0.00010275380189067
Visa_mfinanciacion_limite_ratioavg3	8.90230702709963e-06	0.000359176203888553	0.00020550760378134
mcomisiones_tend3	8.78850051999701e-06	2.82308695522939e-05	0.00010275380189067
Visa_cconsumos_max3	8.76003179074611e-06	3.90450416862947e-05	0.00010275380189067
mcheques_emitidos_rechazados_max3	8.71074092550733e-06	5.17707794491568e-05	0.00010275380189067
Master_Fvencimiento_tend3	8.57203627756893e-06	5.34268379281668e-05	0.00010275380189067
mpasivos_margen_ratioavg3	8.46606321465299e-06	3.89582071593054e-05	0.00010275380189067
cextraccion_autoservicio_tend3	8.45334407828262e-06	8.21826773291439e-08	0.00010275380189067
mcomisiones_ratioavg3	8.36764638266816e-06	4.17994535572822e-06	0.00010275380189067
mcomisiones_otras_avg3	8.28799734755447e-06	6.83255063544988e-05	0.00010275380189067
ctransferencias_emitidas	8.2206258475845e-06	4.19519308516979e-05	0.00010275380189067
mcomisiones_avg3	8.12758072439349e-06	7.03180486255922e-05	0.00010275380189067
Master_Fvencimiento_ratioavg3	8.08996651031723e-06	1.1676142646952e-05	0.00010275380189067
mcheques_emitidos_ratioavg3	8.08151278232667e-06	0.000168369735762028	0.00010275380189067
ctarjeta_visa_transacciones_eficiencia3	8.05402272307745e-06	8.23118953752589e-06	0.00010275380189067
mcaja_ahorro_adicional	8.03450548042516e-06	1.04067045619181e-05	0.00010275380189067
ccajas_extracciones_ratioavg3	8.00356327378346e-06	7.23621058244035e-08	0.00010275380189067
Master_cadelantosefectivo_max3	7.88729554180962e-06	1.87373058495885e-05	0.00010275380189067
matm_other_eficiencia3	7.8366048262085e-06	1.72290728153342e-07	0.00010275380189067
ccajas_consultas_avg3	7.72371011077151e-06	0.000122775234335712	0.00010275380189067
Visa_mconsumosdolares_avg3	7.6985041253812e-06	2.34315390288545e-08	0.00010275380189067
cpayroll_trx_eficiencia3	7.57205250754737e-06	1.1543651077002e-05	0.00010275380189067
Visa_madelantopesos_avg3	7.56594922123013e-06	9.23082034227158e-06	0.00010275380189067
ccheques_emitidos_rechazados_tend3	7.44906273701735e-06	0.000128599350110208	0.00010275380189067
matm_avg3	7.4046682849169e-06	1.00100913057091e-07	0.00010275380189067
mcuenta_corriente_eficiencia3	7.25994560777669e-06	4.91119889322945e-05	0.00010275380189067
mcuentas_saldo_max3	7.23106233494656e-06	9.39036155654158e-06	0.00010275380189067
mcaja_ahorro_dolares_min3	7.21900687672027e-06	1.57646016260308e-07	0.00010275380189067
Visa_mlimitecompra_ratioavg3	7.09416748625489e-06	4.55881266693742e-07	0.00010275380189067
Visa_msaldototal_tend3	6.89988030427188e-06	3.80607447563547e-06	0.00010275380189067
tcallcenter_avg3	6.88816230085577e-06	3.65073715513242e-05	0.00010275380189067
Visa_Fvencimiento_max3	6.84498033767238e-06	0.000125935046290044	0.00010275380189067
Visa_status_eficiencia3	6.84252013384446e-06	8.81205049842207e-05	0.00010275380189067
catm_trx_other_min3	6.70119702036686e-06	2.01013315443785e-05	0.00010275380189067
cforex_buy_ratioavg3	6.05267728510289e-06	1.17192153289903e-06	0.00010275380189067
mplazo_fijo_dolares_max3	5.97459350936592e-06	1.40256713067791e-05	0.00010275380189067
cprestamos_prendarios_eficiencia3	5.8467997301161e-06	4.96197297081624e-08	0.00010275380189067
Master_mpagospesos_tend3	5.64024011820586e-06	0.000151932683424015	0.00010275380189067
mplazo_fijo_dolares_avg3	5.53377133876846e-06	0.000170009943494048	0.00010275380189067
ctarjeta_debito_tend3	5.44390063919272e-06	1.72754190212074e-05	0.00010275380189067
cplazo_fijo_max3	5.30123383273419e-06	3.75335351282055e-06	0.00010275380189067
mprestamos_prendarios_ratioavg3	5.05340467173879e-06	0.000174020182482545	0.00010275380189067
Master_mfinanciacion_limite_ratioavg3	4.96591504513533e-06	1.4414359189493e-05	0.00010275380189067
Visa_mlimitecompra_max3	4.46477116802293e-06	0.000177575057076533	0.00010275380189067
