Feature	Gain	Cover	Frequency
mcaja_ahorro_avg3	0.0230811986679018	0.00295738532294355	0.0037129228461923
mcaja_ahorro_min3	0.023041235024629	0.00375497885914156	0.00354107648725213
cdescubierto_preacordado_ratioavg3	0.021011767496769	0.0053933968010474	0.00134352607898684
ctrx_quarter_normalizado	0.0207559399447158	0.00187108581670078	0.00120292451258124
ctrx_quarter_max3	0.0160118580654854	0.00231903872867725	0.0038014497583736
ctarjeta_visa	0.0151104433289038	0.002093317282326	0.000958173637727046
mcaja_ahorro	0.0136852437142492	0.00554614014749948	0.003624395934011
mtarjeta_visa_consumo	0.0135911300544115	0.00301878985018184	0.00252041326445592
mcuentas_saldo	0.0134065962365897	0.00875902948834447	0.00438989335110815
cpayroll_trx_ratioavg3	0.0129993874948827	0.00634116528538157	0.0015830694884186
ctrx_quarter_normalizado_max3	0.012776341234032	0.00234293387377738	0.00323904349275121
mpayroll_sobre_edad	0.0125818231051765	0.00475318213877079	0.0015309948341943
ctrx_quarter	0.0106490496296405	0.00145800279528117	0.00135914847525412
mcaja_ahorro_ratioavg3	0.0103674213690166	0.00185657580451889	0.00148412764539243
mpayroll_min3	0.00957118616380919	0.00262136140142244	0.00160910681553074
mcuenta_corriente_avg3	0.00918775722253963	0.00322581672653179	0.00388997667055491
ctrx_quarter_normalizado_min3	0.0091369043253798	0.00113647713295125	0.00126541409765039
mpayroll_sobre_edad_min3	0.00874654801143466	0.00240313137709031	0.00110398266955507
Visa_msaldopesos	0.008410558959394	0.0048749893124323	0.00363481086485586
mcuenta_corriente	0.00813414056055695	0.00660889076982948	0.00415034994167639
mcuentas_saldo_min3	0.00811784427948342	0.0032013273567973	0.00387956173971005
cproductos	0.00807960027626297	0.00811599821773868	0.00250479086818864
mpayroll	0.0080481559426651	0.00509228912453596	0.00170804865855691
Master_status_max3	0.00771740301790466	0.000837704027773047	0.000812364605899017
mcuentas_saldo_avg3	0.00761972759300107	0.00242666949427733	0.00354628395267455
Visa_mfinanciacion_limite	0.00752193888122912	0.00215559605125665	0.00378061989668389
mpasivos_margen_avg3	0.00737620017392527	0.000529102381391344	0.000989418430261623
mpayroll_sobre_edad_avg3	0.00732261716429349	0.00212724290637881	0.00148933511081486
ctarjeta_visa_avg3	0.00653979003663694	0.000919055599314602	0.000630103316113981
ctarjeta_visa_transacciones	0.00612325622005762	0.001802054995711	0.00077070488251958
mpasivos_margen_max3	0.00608415986367851	0.00240636344953106	0.00368167805365772
ctarjeta_debito_transacciones	0.00597968353164227	0.00109296706827089	0.00126541409765039
Visa_mpagospesos_ratioavg3	0.00580718913375775	0.00178150641197496	0.00267142976170638
Visa_delinquency_avg3	0.00579105743528038	0.00143279057552464	0.00115084985835694
cextraccion_autoservicio_avg3	0.00574968151166434	0.000650386094928879	0.00187989501749708
mpayroll_avg3	0.0057268717842521	0.00313762811976763	0.00185906515580737
ctarjeta_debito_transacciones_eficiencia3	0.00563426015221279	0.00108824557137314	0.00307240459923346
Visa_mconsumototal	0.00553750876713779	0.00155874104825502	0.00326508081986336
mtarjeta_visa_consumo_avg3	0.00538216715191262	0.00133568728422498	0.00222358773537744
Visa_msaldopesos_avg3	0.00536031593129929	0.00179209076088768	0.00279120146642226
Visa_mconsumospesos	0.0047905309145592	0.00122013081127133	0.00265059990001666
Visa_mconsumospesos_min3	0.00476466286826709	0.000908455141407646	0.00247354607565406
ctarjeta_master_ratioavg3	0.00464945824368454	0.000602598599145999	0.000593651058156974
Visa_status_max3	0.0046291246098767	0.00107683925281059	0.000874854190968172
mactivos_margen_min3	0.00453042127921878	0.00608068021852217	0.00391080653224463
ctrx_quarter_normalizado_eficiencia3	0.00443114197575197	0.00221910847326641	0.00606669721713048
cdescubierto_preacordado_tend3	0.0043260957914716	0.00439474715433805	0.000708215297450425
Visa_Finiciomora	0.0042877697326736	0.00448853610226211	0.00170804865855691
Visa_cconsumos_ratioavg3	0.00423030687718519	0.00222488182173687	0.00272350441593068
Visa_msaldototal_max3	0.00419046348224238	0.00235154224085613	0.00328591068155307
mactivos_margen_avg3	0.00414637870994322	0.00725992977215746	0.00323904349275121
ctrx_quarter_ratioavg3	0.00385616895923759	0.00330071927592112	0.0039420513247792
ctarjeta_visa_transacciones_ratioavg3	0.00377903540077015	0.00496208341166452	0.00253603566072321
Visa_mconsumototal_avg3	0.00369468248259968	0.0012934557476791	0.00272350441593068
mactivos_margen	0.00365212377614678	0.0128303284212036	0.0040462006332278
internet_avg3	0.00357597351643247	0.00589508455085273	0.00180699050158307
mtarjeta_visa_consumo_min3	0.00353137558720548	0.00137402101948662	0.00183823529411765
mcuenta_corriente_min3	0.00336091628813854	0.00269170074943903	0.00286410598233628
ctrx_quarter_avg3	0.00335595304419377	0.000660184883806283	0.000843609398433594
Visa_Finiciomora_avg3	0.00333712889838957	0.00228337160728313	0.00119250958173638
ctrx_quarter_normalizado_ratioavg3	0.00328524927427772	0.00201501442013262	0.00322862856190635
Visa_delinquency	0.00328354331585506	0.00165748244345339	0.000687385435760707
mpasivos_margen_tend3	0.00325163715228082	0.00198285848416104	0.002884935844026
Visa_madelantopesos_min3	0.00322774806145906	9.82357700323066e-05	3.12447925345776e-05
ctarjeta_visa_transacciones_max3	0.00313488812012637	0.0013659971787702	0.00188510248291951
mrentabilidad_annual_max3	0.00295957269749044	0.000861873025775207	0.00131228128645226
cpayroll_trx_max3	0.00294272598180787	0.00129919671378359	0.000979003499416764
mpayroll_sobre_edad_ratioavg3	0.00293074554471981	0.0023452805268563	0.00109877520413264
cproductos_min3	0.00287176309434477	0.00265123651750073	0.00210902349608399
cdescubierto_preacordado_eficiencia3	0.00272067296927692	0.00118987433941109	0.00051553907682053
mrentabilidad_annual_avg3	0.00269103940359941	0.00388559954299211	0.00358794367605399
ctrx_quarter_tend3	0.00267895551832919	0.00198437905815281	0.00325987335444093
mpasivos_margen	0.00266185295011481	0.000808237061007927	0.00113001999666722
ctarjeta_visa_eficiencia3	0.00264085689903485	0.000679074898645835	0.00089568405265789
Visa_mpagominimo_tend3	0.00261915575239647	0.00167562495164708	0.00268705215797367
Visa_mpagominimo_ratioavg3	0.0025770156287457	0.00355481170210813	0.00270267455424096
mcuenta_corriente_eficiencia3	0.0025552333364455	0.00205177687094615	0.00396288118646892
mcuenta_corriente_ratioavg3	0.00245165417463907	0.00160433065258944	0.00221317280453258
Master_fultimo_cierre_eficiencia3	0.00243691574888012	0.00338793074068279	0.00391601399766706
Visa_msaldopesos_min3	0.00241088409260907	0.0017297996636451	0.00244750874854191
Master_Finiciomora	0.00240680955789772	0.00248430665377146	0.00103628561906349
mtransferencias_recibidas_max3	0.00240550857863401	0.00114414098695972	0.00293701049825029
mrentabilidad_max3	0.00240273807867628	0.00114651755674222	0.00310885685719047
Visa_mpagominimo_max3	0.00240178128431395	0.00253500395992159	0.00349941676387269
mrentabilidad_annual	0.00237247408909278	0.00189501745360418	0.00432219630061656
ctarjeta_visa_tend3	0.00236409050194278	0.000132951556690213	7.81119813364439e-05
mcuenta_debitos_automaticos	0.00234696434784275	0.00308889035770224	0.00215068321946342
mpayroll_eficiencia3	0.00222727758489551	0.00307979083067673	0.0020934010998167
cpayroll_trx_avg3	0.00222079341931245	0.000649892304942253	0.000406182302949508
mcomisiones_mantenimiento_eficiencia3	0.00220096443971978	0.00545821273657046	0.00322342109648392
internet	0.0021900539570072	0.00462910030937196	0.00151537243792701
mcaja_ahorro_eficiencia3	0.00217978921878239	0.00118799805252615	0.00408786035660723
mcaja_ahorro_tend3	0.00217224232361718	0.0017205090477849	0.00112481253124479
mpayroll_sobre_edad_eficiencia3	0.00211854241410315	0.00211755942831219	0.00127582902849525
ccomisiones_mantenimiento_tend3	0.00209926523166949	0.00328309348837423	0.00120292451258124
internet_eficiencia3	0.00208157490418412	0.00263807234603639	0.00294221796367272
mtarjeta_visa_consumo_max3	0.00206929402321116	0.00085665823202331	0.000958173637727046
Visa_fultimo_cierre_eficiencia3	0.00205464816382354	0.00481242148568157	0.00358273621063156
ctarjeta_visa_transacciones_avg3	0.00204593908639785	0.000572074520728419	0.000729045159140143
mactivos_margen_eficiencia3	0.00204046381295376	0.00252728931326803	0.00425970671554741
mtarjeta_visa_consumo_ratioavg3	0.0020199338277036	0.000945093487214545	0.000926928845192468
cdescubierto_preacordado_avg3	0.00200088915640469	0.000998122570280553	0.000551991334777537
ccomisiones_mantenimiento_ratioavg3	0.00199527216135272	0.0083864159589429	0.00244750874854191
Master_mfinanciacion_limite	0.00199200442113051	0.0014950281678935	0.00392642892851192
mcomisiones_mantenimiento_max3	0.00198542118597621	0.000722171718310758	0.000801949675054158
ctrx_quarter_normalizado_tend3	0.00192033576828873	0.00161947343592762	0.00229649225129145
Master_msaldopesos	0.00190715862525896	0.00233168897391218	0.00219234294284286
mextraccion_autoservicio_ratioavg3	0.0019004915045298	0.000635854302729271	0.00188510248291951
mpasivos_margen_ratioavg3	0.00185696336390241	0.00225146297724859	0.00365043326112315
mpayroll_max3	0.00184785202464811	0.00127756463580759	0.000937343776037327
ctarjeta_visa_transacciones_tend3	0.00183650334885556	0.00167391427508556	0.00194759206798867
mautoservicio_max3	0.00181895075041511	0.000799563107309776	0.00192155474087652
mtransferencias_recibidas_ratioavg3	0.00181557901969922	0.000770166494111326	0.00275995667388769
cproductos_tend3	0.00180649265273396	0.00421836796827983	0.000395767372104649
ctarjeta_visa_min3	0.0017836493868561	0.000982941897930412	0.000619688385269122
mcomisiones_otras_avg3	0.00176847829297234	0.000918337023107367	0.00344734210964839
Master_fechaalta_max3	0.00176707683718446	0.00164245201213114	0.00395767372104649
chomebanking_transacciones_ratioavg3	0.00175717268213126	0.00105400927386004	0.00340568238626896
Visa_msaldototal_ratioavg3	0.00173390849171261	0.00161420521949076	0.00272871188135311
mpagomiscuentas	0.00173302194566206	0.00317359153159148	0.00129665889018497
Visa_mpagospesos_avg3	0.0017279868168134	0.000561409544655768	0.00132790368271955
Master_fechaalta_ratioavg3	0.00172150769138361	0.00171583061779011	0.00352545409098484
mcomisiones_mantenimiento	0.00172075976548689	0.00568208115545193	0.00280161639726712
foto_mes	0.00170827304212988	0.00687004805844331	0.00164555907348775
Visa_mpagospesos_max3	0.00170137814359227	0.0020008811611629	0.00286931344775871
mpayroll_ratioavg3	0.00169217968602444	0.00189620910823402	0.000713422762872855
mautoservicio_ratioavg3	0.00168166394974919	0.00110143456383882	0.00226003999333444
mcomisiones_otras	0.00167534125336337	0.00152622865969156	0.00248396100649892
cproductos_ratioavg3	0.00167070006026221	0.00560006032095081	0.000791534744209298
ctarjeta_master_tend3	0.00166411966522714	0.000378517147034608	0.000338485252457924
cpagomiscuentas_ratioavg3	0.00165007673959454	0.00106866097944022	0.00201008165305782
mcuenta_debitos_automaticos_min3	0.00161587466965657	0.00218455394092837	0.00197883686052325
cmobile_app_trx_max3	0.00157462009692905	0.00170120545917492	0.00309323446092318
mactivos_margen_max3	0.00157151318879606	0.00304754629523684	0.00117167972004666
cliente_edad_max3	0.00156803179068826	0.0055852804009267	0.00379103482752875
ctrx_quarter_normalizado_avg3	0.00154871496106017	0.000617058394004014	0.000921721379770038
numero_de_cliente	0.00154091795122015	0.00400554777159411	0.00416076487252125
mtransferencias_emitidas_ratioavg3	0.00153783396488898	0.00201140699168839	0.00263497750374938
ctransferencias_recibidas_eficiencia3	0.00153509007686215	0.000874529352977344	0.0037129228461923
ccaja_ahorro_ratioavg3	0.00153334206607878	0.00500643213031018	0.000781119813364439
mcuentas_saldo_eficiencia3	0.00153247460494974	0.00113305873862307	0.00331194800866522
cproductos_avg3	0.00152789462835178	0.00216291356188901	0.0022704549241793
Visa_mpagospesos	0.00152415689940916	0.000920640280528338	0.00108315280786536
Visa_Fvencimiento_ratioavg3	0.00151110419423563	0.000966219282514511	0.0033952674554241
Visa_mpagospesos_tend3	0.00150383585716203	0.00303355834597024	0.00270267455424096
cextraccion_autoservicio	0.00150177967608857	0.000378769219918925	0.000843609398433594
Visa_fechaalta_ratioavg3	0.00149565845070087	0.0014752846229256	0.00370250791534744
mrentabilidad_annual_min3	0.00148750060568519	0.00241659052396444	0.00335360773204466
mcomisiones_ratioavg3	0.00147977451136314	0.000943661430502334	0.00295263289451758
kmes	0.00146709388275653	0.000977788663549351	0.00238501916347275
Visa_mlimitecompra	0.00145184457326159	0.00146005776050015	0.00352545409098484
mcaja_ahorro_dolares	0.00144865145538745	0.00431279412555247	0.002921388101983
mcuentas_saldo_max3	0.00144201225380793	0.000825209283645761	0.00148933511081486
mcaja_ahorro_dolares_eficiencia3	0.00143483373524149	0.00428741095320403	0.00318176137310448
Visa_mpagospesos_eficiencia3	0.00141721575360847	0.000969520886634473	0.00379103482752875
cdescubierto_preacordado	0.00141571341644166	0.00164166546583087	0.000338485252457924
Visa_status_avg3	0.00141482717198994	0.000262310972042967	0.000265580736543909
Visa_status_tend3	0.00140973253980079	0.00104766685051152	0.000885269121813031
mcomisiones_otras_eficiencia3	0.00140633500265198	0.00154967801303279	0.00335360773204466
cliente_antiguedad_eficiencia3	0.00140417863652365	0.00180356726863941	0.00362960339943343
mrentabilidad_tend3	0.00139801764895856	0.00155558401413946	0.00302032994500917
chomebanking_transacciones_max3	0.00139180583304039	0.0012860691985	0.00299950008331945
Visa_Fvencimiento_max3	0.00137415309064413	0.0009853261112663	0.0038535244125979
mttarjeta_visa_debitos_automaticos_eficiencia3	0.00137404287113792	0.00161912372281293	0.00310364939176804
Master_mlimitecompra_min3	0.00137338838344265	0.00135687184447841	0.00347337943676054
ccaja_ahorro_max3	0.00137235032153728	0.00440455802496113	0.000994625895684053
mcomisiones_mantenimiento_min3	0.00137014910097832	0.00342081980026967	0.00273912681219797
Visa_fechaalta_eficiencia3	0.00136780066649594	0.00100686975415149	0.00283806865522413
Master_Fvencimiento_max3	0.00135329092994975	0.00268924807287763	0.00359315114147642
Master_mfinanciacion_limite_avg3	0.00134629834570285	0.000909976372909386	0.0030619896683886
ctarjeta_visa_transacciones_min3	0.00134087068697042	0.000805353304473185	0.000916513914347609
mcuenta_corriente_max3	0.00133371480062445	0.000777941878248262	0.00117167972004666
Visa_fechaalta_max3	0.00131835779358788	0.00146388882452254	0.00347337943676054
Master_Fvencimiento_ratioavg3	0.00131691248495925	0.00097280062854797	0.00298908515247459
cliente_antiguedad_avg3	0.00131682739676494	0.00223049638154984	0.0034317197133811
Master_fechaalta_eficiencia3	0.0013054787838191	0.00115423992913792	0.00304636727212131
mcuentas_saldo_tend3	0.00130141889990556	0.00479661601448351	0.00131748875187469
mcomisiones_max3	0.00130122688615663	0.000805591405270664	0.00285369105149142
Visa_status_ratioavg3	0.00129700920193558	0.000904376113938236	0.000442634560906516
mcomisiones_mantenimiento_tend3	0.00128898266456366	0.00338229152424598	0.00115084985835694
mcuenta_corriente_tend3	0.00127719997991659	0.00332533825730823	0.00123937677053824
mcomisiones_tend3	0.00127460227688445	0.00127501933252932	0.00220796533911015
Visa_msaldopesos_max3	0.00127424262668324	0.000831948103316765	0.00117167972004666
mcuentas_saldo_ratioavg3	0.00127352433963404	0.00411319398867845	0.00183302782869522
mtarjeta_master_consumo_ratioavg3	0.00127055369586555	0.0013338362292851	0.00173408598566906
mcaja_ahorro_dolares_min3	0.00126541602406692	0.00188609561864776	0.00262977003832695
Visa_mfinanciacion_limite_ratioavg3	0.00126432563412851	0.000686210443394309	0.000551991334777537
Visa_cconsumos_eficiencia3	0.00125753556955925	0.00104907581218608	0.00333798533577737
Visa_mpagominimo_eficiencia3	0.00124355347394622	0.000815644239562293	0.00295784035994001
mcomisiones_mantenimiento_avg3	0.0012433868219108	0.00245488135670061	0.00242147142142976
ctransferencias_recibidas_avg3	0.00123627453796274	0.00105044811767987	0.00227566238960173
cmobile_app_trx_tend3	0.00123613234465966	0.0013706836632621	0.00264539243459423
Visa_fultimo_cierre_max3	0.00122169777938086	0.00269004892001972	0.00257248791868022
cliente_antiguedad	0.00121677154230646	0.00157545634887251	0.00353066155640727
Visa_mfinanciacion_limite_min3	0.00120067543093029	0.00104435447966582	0.00254645059156807
Visa_fechaalta_tend3	0.00119474782578547	0.000980064387740375	0.00133311114814198
ccuenta_debitos_automaticos_ratioavg3	0.00119228630361267	0.00279743714663003	0.00219755040826529
Visa_mfinanciacion_limite_avg3	0.00118295981812048	0.00140799184734979	0.00349420929845026
kmes_eficiencia3	0.00118028261088371	0.00335921555437833	0.00243188635227462
Master_mlimitecompra	0.00117895217455956	0.00107411469587706	0.00312447925345776
ctransferencias_emitidas_eficiencia3	0.00116728084156706	0.000786225928534869	0.00240584902516247
Visa_mconsumosdolares_max3	0.00116565368227507	0.00140791286396478	0.00168721879686719
Visa_mlimitecompra_avg3	0.00116532859765289	0.00113609183210949	0.00308281953007832
Visa_status_eficiencia3	0.0011502253721477	0.000553607531365092	0.000536368938510248
ccomisiones_otras_max3	0.00114510627686942	0.00109821950446851	0.0024110564905849
mpagomiscuentas_avg3	0.00113940036505704	0.00100522680111676	0.0015830694884186
Visa_Fvencimiento_eficiencia3	0.00113798902607108	0.00135697819671588	0.00282244625895684
mpayroll_sobre_edad_tend3	0.00113572596006988	0.0024377639065484	0.000650933177803699
ccallcenter_transacciones_ratioavg3	0.00110874073059336	0.00096351445088005	0.00143205299116814
Visa_mconsumototal_min3	0.0011076422226106	0.00107810783610679	0.00282244625895684
Visa_cconsumos_tend3	0.00110051933757427	0.00159824079525772	0.00234335944009332
cliente_antiguedad_min3	0.00110016785196247	0.00131035506889913	0.00281723879353441
Visa_fultimo_cierre_tend3	0.00109152186489564	0.000943215638743436	0.00186948008665222
Visa_mpagado_eficiencia3	0.00109050159997184	0.00198612047330538	0.00160389935010832
ccomisiones_otras_ratioavg3	0.00108227348885416	0.000681048743572399	0.00235377437093818
Visa_mpagominimo_min3	0.00107986445805774	0.00148904499155422	0.00115084985835694
Master_mfinanciacion_limite_min3	0.00107722386735919	0.000734764184857167	0.00265580736543909
mtarjeta_visa_consumo_eficiencia3	0.00107400337130359	0.000670603129263114	0.00279120146642226
mrentabilidad_ratioavg3	0.00107088599576319	0.000818876065436808	0.00202570404932511
cproductos_eficiencia3	0.00106936184915583	0.00110915216928724	0.00189551741376437
mpagomiscuentas_min3	0.00106646645838086	0.0033390313133538	0.00155182469588402
Visa_mconsumospesos_avg3	0.00105726874829307	0.00152219738388364	0.00300991501416431
Master_mlimitecompra_avg3	0.00105689506290858	0.000912598604854007	0.00286931344775871
cmobile_app_trx_ratioavg3	0.00105592187543155	0.000901791031306856	0.00221317280453258
Visa_Finiciomora_min3	0.00105369070484129	0.00162826500172146	0.000838401933011165
Master_fultimo_cierre_max3	0.00105263046222419	0.00169006387056358	0.00194238460256624
mtransferencias_emitidas_max3	0.00104739322871851	0.00146680677157567	0.00201528911848025
ccaja_seguridad	0.00104641605597613	0.00532726732498403	0.000796742209631728
catm_trx_max3	0.00104013374667671	0.000343169411107866	0.00100504082652891
mcomisiones_otras_min3	0.00103246427992286	0.000920125039278978	0.00249958340276621
Visa_fultimo_cierre_avg3	0.00103211251910711	0.00221353015869047	0.00119771704715881
Visa_fultimo_cierre_ratioavg3	0.00103016692209432	0.000911293940698266	0.00257248791868022
mtransferencias_recibidas_min3	0.00102951160363168	0.00273218199444776	0.00100504082652891
Visa_Fvencimiento_tend3	0.00100845443291451	0.000986462781624993	0.00124458423596067
chomebanking_transacciones_tend3	0.00100815870964859	0.00495864718237843	0.00254645059156807
Master_fechaalta_min3	0.00100471361322828	0.000723052617291559	0.0018642726212298
ctarjeta_visa_debitos_automaticos_ratioavg3	0.000999126759071352	0.00173853353293917	0.00200487418763539
Visa_mfinanciacion_limite_eficiencia3	0.00099741012280829	0.000648621338172417	0.00125499916680553
mcuenta_debitos_automaticos_eficiencia3	0.000995938000928715	0.0012597716763511	0.00259331778036994
mcuenta_debitos_automaticos_avg3	0.000992426969782445	0.00150023704405568	0.00187989501749708
Visa_msaldototal_tend3	0.000991804344313896	0.0015643618544127	0.00279640893184469
mttarjeta_visa_debitos_automaticos_min3	0.000983859262081166	0.000881022181731242	0.00199445925679054
Visa_mpagospesos_min3	0.000981921944168753	0.000514837949182831	0.000968588568571905
Visa_msaldopesos_ratioavg3	0.000976704764280685	0.000723364359205552	0.0011091901349775
kmes_min3	0.000960857325663163	0.000872010761041567	0.00199445925679054
Visa_cconsumos_max3	0.000958746676610015	0.00295061732626768	0.00275995667388769
mactivos_margen_tend3	0.000956825650408003	0.000989487820614297	0.00108315280786536
ctarjeta_visa_ratioavg3	0.000955632573128319	0.00035483692550556	0.000166638893517747
tmobile_app_eficiencia3	0.00095543681758603	0.000947751800018708	0.00226003999333444
matm_eficiencia3	0.000950511950431837	0.000916040916107308	0.00183823529411765
ccomisiones_mantenimiento_max3	0.000946985306798832	0.00229855096461333	0.00114564239293451
cpayroll_trx_eficiencia3	0.000945079168803414	0.000717497644319515	0.000624895850691551
Visa_mlimitecompra_min3	0.000944944410980821	0.000985381588669924	0.00284848358606899
mplazo_fijo_dolares_ratioavg3	0.000943140275293964	0.00325093138824669	0.00143726045659057
cextraccion_autoservicio_eficiencia3	0.000934479363677646	0.000647018164490807	0.00228607732044659
mttarjeta_visa_debitos_automaticos_avg3	0.00092698248886238	0.000892283272779425	0.00227566238960173
mttarjeta_visa_debitos_automaticos	0.000922027289658963	0.000680420739363377	0.00225483252791201
ccallcenter_transacciones_tend3	0.000915253747092796	0.00263827042091451	0.00167680386602233
mcaja_ahorro_dolares_avg3	0.000904984012427833	0.00126523829642108	0.00245271621396434
Visa_msaldopesos_eficiencia3	0.000903625739551543	0.000618538366755207	0.00214547575404099
thomebanking_avg3	0.000884439777095679	0.00164512676268452	0.00136435594067655
cmobile_app_trx_eficiencia3	0.000883973494116183	0.000768068626366883	0.00134352607898684
Master_mpagominimo	0.000883275407907806	0.00124032844906149	0.000687385435760707
Visa_mpagominimo	0.000882305412941742	0.00147346932009028	0.00101545575737377
Visa_fechaalta_avg3	0.000881848037420762	0.00085198284301213	0.00143205299116814
tmobile_app_avg3	0.000871599571155563	0.000808364535753142	0.00171846358940177
Master_fechaalta	0.000870668830328795	0.00132801973172294	0.00184344275954008
Master_status_avg3	0.000870306436692817	0.000204223746975146	0.000161431428095317
thomebanking_eficiencia3	0.000869327806531348	0.00457520799790556	0.00219234294284286
ccaja_ahorro_eficiencia3	0.000866419152305945	0.00113402174416123	0.000453049491751375
thomebanking	0.000863158683167979	0.00396710793066124	0.00089568405265789
Master_status	0.000863032243911029	0.000529229445192829	0.000317655390768205
ccajas_transacciones_eficiencia3	0.000862822928366086	0.00100225354103751	0.00220796533911015
Master_msaldototal_max3	0.000862409412656734	0.000835047769687536	0.00163514414264289
Master_msaldopesos_avg3	0.00085365487731229	0.000914269995194888	0.00180699050158307
internet_ratioavg3	0.000841454536225708	0.00116241812031953	0.000666555574070988
Master_fultimo_cierre_ratioavg3	0.000841059908365701	0.000723613308917517	0.00225483252791201
ccallcenter_transacciones_max3	0.00084094623897111	0.00103354361856882	0.00174450091651391
kmes_avg3	0.000834636654383101	0.000965765436258495	0.00169763372771205
mrentabilidad_annual_eficiencia3	0.000833858471083496	0.00188966745936493	0.0026401849691718
cdescubierto_preacordado_min3	0.000827108133946224	0.000555530665835307	0.000265580736543909
Visa_mpagosdolares_max3	0.000821140490875465	0.000192203807234135	0.000307240459923346
Master_status_eficiencia3	0.000811974429459046	0.000272093158793657	0.000281203132811198
mttarjeta_visa_debitos_automaticos_ratioavg3	0.000803660661440647	0.000896964579380326	0.00103628561906349
ctarjeta_master_transacciones	0.000797742285031345	0.000874419959756272	0.000854024329278454
Master_mconsumospesos	0.000794736522879708	0.00056977397553607	0.00131748875187469
matm	0.000793670537431602	0.000467461643696736	0.000937343776037327
tmobile_app	0.000791719838253873	0.0015189164913277	0.00115605732377937
Master_delinquency	0.000781628663096283	0.000885574369812005	0.000411389768371938
Master_status_ratioavg3	0.000781608970547702	0.000655375198383959	0.000484294284285952
Visa_delinquency_ratioavg3	0.00077772255403353	0.000380129772422021	0.000317655390768205
ctarjeta_debito_transacciones_avg3	0.000761836644300915	0.000699680603560421	0.00208819363439427
matm_min3	0.000760725583569199	0.00170937584242566	0.00103628561906349
ctransferencias_emitidas_avg3	0.000759867855946182	0.00146904682585088	0.00188510248291951
mtransferencias_emitidas_tend3	0.000759580856245909	0.000811192157374291	0.00170284119313448
mautoservicio_avg3	0.000758196048989591	0.00047121084772801	0.000531161473087819
ctarjeta_visa_debitos_automaticos_max3	0.000756784194958355	0.000853885101540832	0.00182261289785036
mautoservicio_tend3	0.000756713906418872	0.000580717489269286	0.00179657557073821
matm_max3	0.000749386530656498	0.000262024626451522	0.000416597233794368
Master_mpagominimo_ratioavg3	0.000749004281346435	0.000359027894047172	0.00134873354440927
ctarjeta_master	0.000748022062714335	0.000262737120691545	0.000197883686052325
mactivos_margen_ratioavg3	0.000746450625250082	0.00425277653340478	0.00169763372771205
mextraccion_autoservicio_max3	0.00073403618141328	0.00100698062676999	0.00165597400433261
cliente_edad_avg3	0.000730940778039558	0.00220860836781845	0.0013903932677887
ccajas_consultas_max3	0.00073006892809744	0.00258659284958953	0.00153620229961673
ctransferencias_recibidas	0.000713350200946583	0.00091580807538958	0.00128624395934011
cpagomiscuentas_max3	0.000713289419142172	0.000906829612387094	0.00135914847525412
mtarjeta_master_consumo_max3	0.000713261815932473	0.000588023822232176	0.00090089151808032
Visa_msaldototal_eficiencia3	0.000713057102283977	0.000358654674951089	0.00192155474087652
mpagomiscuentas_eficiencia3	0.000706920537072023	0.00059336140597076	0.00198925179136811
ctransferencias_emitidas	0.000705646177327292	0.00106739814935625	0.00120813197800367
mpayroll_tend3	0.000702303479029973	0.00260601733784503	0.000807157140476587
Visa_mconsumosdolares_ratioavg3	0.000695765017161079	0.000843669944475638	0.00154140976503916
Visa_fechaalta_min3	0.00068775773665868	0.000636739393336124	0.00143726045659057
internet_max3	0.000686866879164392	0.00330272525664742	0.000671763039493418
mtransferencias_recibidas_tend3	0.000684869426394675	0.00108796292427527	0.00179136810531578
Master_msaldopesos_min3	0.000684861044219888	0.00125758299004221	0.00157786202299617
Visa_delinquency_min3	0.000683403013980347	0.000186591630894799	0.000156223962672888
cliente_edad	0.000682477384613001	0.00347909310065868	0.00147371271454758
Master_mpagominimo_tend3	0.000678084981105095	0.00175065645517906	0.00146329778370272
Master_msaldototal_ratioavg3	0.000677232190088968	0.00074672642809841	0.00169763372771205
Master_delinquency_eficiencia3	0.000662628799571256	0.00107017719742845	0.000708215297450425
Visa_mpagado	0.000652150270034141	0.00077956116092411	0.00134873354440927
Visa_delinquency_eficiencia3	0.000651648279560791	0.00089437645576534	0.000979003499416764
mrentabilidad_avg3	0.000651096490534457	0.000777768542182717	0.00115084985835694
cliente_edad_min3	0.000649271016121973	0.00233220939305254	0.00135394100983169
Visa_mconsumospesos_eficiencia3	0.000648833306391618	0.000303302198221313	0.00146850524912515
Master_msaldototal	0.000645101181262068	0.00131107109725524	0.000848816863856024
Visa_msaldototal_avg3	0.000644171025770126	0.0006906954832695	0.000926928845192468
Master_Fvencimiento_eficiencia3	0.000643895483521637	0.00075137288667096	0.00175491584735877
mrentabilidad_eficiencia3	0.000643496414930131	0.000540500563268038	0.00100504082652891
tcallcenter_eficiencia3	0.000640128643919745	0.000961994452209503	0.00159869188468589
Visa_mconsumosdolares_eficiencia3	0.000639931577854824	0.0013201577206476	0.00180699050158307
cplazo_fijo	0.000637626969455259	0.00525168408839942	0.000708215297450425
cmobile_app_trx_avg3	0.000635795689183534	0.000438705527396716	0.0011612647892018
internet_min3	0.000634737818221736	0.000710923859650698	0.000749875020829862
mtarjeta_visa_consumo_tend3	0.000632320501898667	0.000533234174035757	0.000666555574070988
catm_trx	0.000631488008843491	0.000220086421540504	0.000307240459923346
Master_mpagominimo_max3	0.000626709510576855	0.000904858068745421	0.00143726045659057
mrentabilidad	0.00062382919854546	0.000824575197469527	0.00108315280786536
Master_fultimo_cierre_tend3	0.000622110895229063	0.00196325260534288	0.00148933511081486
Visa_Fvencimiento_avg3	0.0006215950738696	0.000700631938296638	0.00170804865855691
catm_trx_ratioavg3	0.000618366322712276	0.000372872341763066	0.00148412764539243
Master_mfinanciacion_limite_eficiencia3	0.000618013278095547	0.000653077858552709	0.00168201133144476
chomebanking_transacciones_avg3	0.000614384824397369	0.00058242093322115	0.00136956340609898
ctransferencias_recibidas_min3	0.000614059900395537	0.000820257493881415	0.00120292451258124
Master_fechaalta_tend3	0.000612027377239987	0.00116850173130655	0.00104149308448592
cpayroll_trx_tend3	0.000607133577416058	0.00125546630107491	0.000874854190968172
cmobile_app_trx	0.000607018578982475	0.000744992081178009	0.000926928845192468
Visa_msaldodolares_eficiencia3	0.000602381531948546	0.000568311180232815	0.00196842192967839
Master_msaldototal_tend3	0.00060182445392357	0.000695582508301913	0.00122375437427095
Visa_mpagominimo_avg3	0.000601674338595414	0.00104891028405141	0.00126541409765039
ccajas_consultas_tend3	0.000598003771033161	0.00225152018061588	0.00119250958173638
Master_mconsumototal	0.00059732431689421	0.000427816833557155	0.00106232294617564
ccaja_seguridad_avg3	0.000596497826734132	0.00295879453118434	0.000630103316113981
ccajas_otras_eficiencia3	0.00059537758490114	0.0010099113952675	0.00167680386602233
Visa_cconsumos_avg3	0.000592319305196078	0.000816324022681364	0.000765497417097151
mplazo_fijo_dolares_tend3	0.000590410284348584	0.00231142205100906	0.00128624395934011
tmobile_app_min3	0.000586638184430256	0.000310135124006612	0.000760289951674721
Visa_mlimitecompra_eficiencia3	0.00058545434623347	0.000933184666658273	0.00152057990334944
Master_Fvencimiento_tend3	0.000584182223337679	0.000558773915945531	0.00122896183969338
mrentabilidad_min3	0.000582673879427272	0.000951430568294566	0.00108315280786536
Master_Fvencimiento_min3	0.000574480022777449	0.000453707932356547	0.00137477087152141
Visa_mconsumototal_eficiencia3	0.000572575137831333	0.000326532518554158	0.00159348441926346
Visa_mpagado_avg3	0.000571404700214969	0.000717292090265495	0.00157265455757374
cpagomiscuentas_eficiencia3	0.000563831282070008	0.000469169197085905	0.000843609398433594
Master_fultimo_cierre_avg3	0.000557804993474527	0.000976977542813997	0.000958173637727046
Visa_Finiciomora_ratioavg3	0.000556031903660739	0.000346307788378054	0.000270788201966339
mtransferencias_recibidas	0.000554702727211536	0.00234135560328584	0.000994625895684053
Master_mpagominimo_eficiencia3	0.000549919389494442	0.000373893619122222	0.00167680386602233
matm_other_eficiencia3	0.00054887579461015	0.000270711237216574	0.00147371271454758
ccaja_ahorro_tend3	0.000548777858203864	0.00261135492158361	0.000447842026328945
Visa_cconsumos_min3	0.000544510815610912	0.000379490590543528	0.000635310781536411
mcomisiones_mantenimiento_ratioavg3	0.00054437722377442	0.00114652355652069	0.000979003499416764
ccuenta_debitos_automaticos_tend3	0.000543378956867597	0.00316322210624984	0.00123416930511581
ctrx_quarter_min3	0.000543177075931779	0.00117148666218776	0.000937343776037327
Master_mpagospesos_tend3	0.000540136561004348	0.00104993402707295	0.00143205299116814
active_quarter_avg3	0.000539055900723471	0.00056441370770356	0.000958173637727046
Visa_fechaalta	0.000538886934941756	0.000978567895051214	0.00143205299116814
ccaja_ahorro_avg3	0.00053822980728549	0.00142297732142792	0.000525954007665389
mcaja_ahorro_dolares_tend3	0.000529969355057178	0.0029520016313184	0.000874854190968172
ccajas_depositos_eficiencia3	0.00052735247321469	0.00197170925199631	0.00145288285285786
ctarjeta_master_transacciones_eficiencia3	0.000525521927897244	0.000650062271269208	0.00151537243792701
Master_Finiciomora_min3	0.000521587846495704	0.000919201073395216	0.000484294284285952
ccaja_seguridad_min3	0.00051912740792936	0.0034795923972913	0.000578028661889685
ccomisiones_otras_tend3	0.000518802764287007	0.000488588754016641	0.00146329778370272
ccaja_seguridad_eficiencia3	0.00051822275509311	0.00150127993705506	0.000656140643226129
mprestamos_prendarios_ratioavg3	0.000511961156887313	0.00250752464579238	0.00103107815364106
Visa_fultimo_cierre_min3	0.000509188311233493	0.000737145439398196	0.000973796033994334
ctarjeta_visa_debitos_automaticos_eficiencia3	0.000507794625091945	0.000374463680265237	0.00105711548075321
active_quarter_eficiencia3	0.000507111692927006	0.00070965231755964	0.00129145142476254
ctarjeta_debito_ratioavg3	0.000506504640915609	0.00832502951322876	0.00137477087152141
active_quarter	0.000505919094821682	0.00034186063751482	0.000484294284285952
Visa_Fvencimiento_min3	0.000505184553240025	0.000737703007851802	0.00111960506582236
ctarjeta_visa_debitos_automaticos_tend3	0.000498936282420567	0.000969817505819182	0.00106232294617564
mcaja_ahorro_dolares_ratioavg3	0.000498404357055768	0.0024981807716247	0.000827987002166306
Master_mpagospesos_ratioavg3	0.000496470338940298	0.00212599832219647	0.00127062156307282
Master_mpagospesos_max3	0.000496390016022088	0.000418934202632633	0.00120292451258124
Master_cconsumos_ratioavg3	0.000490897547015068	0.000634389288329871	0.00114564239293451
matm_other	0.000490645664790274	0.00044160317382955	0.000718630228295284
ccajas_consultas_ratioavg3	0.000490460655054321	0.00187128643943004	0.00112481253124479
mautoservicio	0.000488011451017307	0.000942126062536264	0.000583236127312115
Master_mconsumospesos_avg3	0.000487617632612698	0.000589361526263853	0.00125499916680553
ctarjeta_master_transacciones_avg3	0.000487249877364901	0.000328374697109454	0.000739460089985002
matm_avg3	0.000486621853905331	0.000364886061303613	0.0013018663556074
mcomisiones_eficiencia3	0.000483434693325217	0.000460078875199965	0.000921721379770038
ctrx_quarter_eficiencia3	0.000482806816471652	0.000306428000613347	0.00122375437427095
Master_fechaalta_avg3	0.000479589065666159	0.000514212739391176	0.000921721379770038
cproductos_max3	0.000478936978235787	0.000813477004516133	0.000812364605899017
cliente_antiguedad_max3	0.000478713513940545	0.000495197140147569	0.000952966172304616
Master_mlimitecompra_eficiencia3	0.000470904965394591	0.000620596537335279	0.00113001999666722
Master_msaldopesos_eficiencia3	0.000468559504966447	0.00050759860004802	0.00142163806032328
mrentabilidad_annual_tend3	0.000464963695066927	0.0011095649211702	0.00111439760039993
mcomisiones_avg3	0.000464510155482289	0.000472062980647672	0.0010206632227962
matm_other_avg3	0.000463446083137271	0.000479441228763408	0.00132269621729712
Master_msaldototal_eficiencia3	0.000463314016794724	0.000408922544902805	0.00143726045659057
ctarjeta_debito_transacciones_ratioavg3	0.00046230831502463	0.000424901187788923	0.000666555574070988
Master_Fvencimiento_avg3	0.000457388530575041	0.000685736954027973	0.00132790368271955
ccomisiones_mantenimiento_eficiencia3	0.000451954467723403	0.00297332607681771	0.00101024829195134
Visa_madelantopesos_tend3	0.000449365474496709	0.000214404713521959	0.000187468755207465
ccomisiones_otras_min3	0.000449097815280024	0.000684567654737074	0.000499916680553241
ccomisiones_otras_avg3	0.000444867441107414	0.00040925771060944	0.000926928845192468
ccuenta_debitos_automaticos_max3	0.000444359488511265	0.0010400390773626	0.00126541409765039
ctransferencias_recibidas_max3	0.000442695184746944	0.00154065048334887	0.00105190801533078
Master_delinquency_avg3	0.000441539244061066	0.00069432288357904	0.000489501749708382
mcaja_ahorro_max3	0.00044055827248768	0.00111176445639358	0.000755082486252291
mtransferencias_emitidas	0.000440197002322788	0.000294149412888329	0.000666555574070988
ctarjeta_debito_transacciones_min3	0.000437848855751666	0.000591176335966695	0.00116647225462423
mttarjeta_master_debitos_automaticos_eficiencia3	0.000434827362826426	0.000915078074946636	0.00131748875187469
mpayroll_sobre_edad_max3	0.000434301255229428	0.00124601558153727	0.000692592901183136
catm_trx_other_ratioavg3	0.000432990593397836	0.00027340012423429	0.00105190801533078
ccheques_depositados_tend3	0.000424570116393613	2.97948176733507e-05	0.000140601566405599
Visa_fultimo_cierre	0.000423288809855085	0.000396863976451123	0.000817572071321446
Master_mconsumototal_avg3	0.000421325905818132	0.000413901374764622	0.00117167972004666
mcuenta_debitos_automaticos_ratioavg3	0.000420039180267068	0.000772094806472545	0.000781119813364439
Visa_mconsumosdolares_tend3	0.000418786144761634	0.000458581560623343	0.00137477087152141
Visa_mconsumototal_ratioavg3	0.000416388493285219	0.000238957943912181	0.000880061656390602
Master_mfinanciacion_limite_max3	0.00041419897960431	0.000489743752465716	0.00118209465089152
mttarjeta_visa_debitos_automaticos_tend3	0.000413522333416943	0.00229761458822891	0.00089568405265789
ccomisiones_otras	0.000413478498148569	0.000530223600265769	0.000723837693717714
cliente_antiguedad_ratioavg3	0.000413056866645872	0.000556850617097824	0.00108315280786536
cpagomiscuentas	0.000410784435287459	0.000836906139425816	0.000453049491751375
Visa_msaldototal_min3	0.000403783323820951	0.000612918957806213	0.000760289951674721
tcallcenter_avg3	0.000402391347320367	0.00043148425978605	0.000817572071321446
cmobile_app_trx_min3	0.000399766337775972	0.00192808716405501	0.000890476587235461
Master_mconsumospesos_eficiencia3	0.000399549497508952	0.000223743081043658	0.00120292451258124
Master_cconsumos_tend3	0.000399149939504627	0.00100094000049718	0.0010206632227962
mcomisiones	0.000397602664256806	0.000401521941448128	0.000952966172304616
Master_mconsumospesos_min3	0.000397582452124632	0.000647797067237686	0.00105190801533078
catm_trx_other_max3	0.000396980888725502	0.00040927036767634	0.00108836027328779
mtransferencias_recibidas_avg3	0.000396851471275373	0.000417672769757345	0.000827987002166306
Visa_mconsumospesos_max3	0.000395882581009889	0.000500365415069168	0.00104670054990835
Master_mpagominimo_avg3	0.00039528529078735	0.000404377425054208	0.000541576403932678
cpayroll_trx_min3	0.000390762965603409	0.000719571184195109	0.000244750874854191
mcomisiones_min3	0.000390512992233831	0.000329292663214751	0.000791534744209298
ctarjeta_debito_max3	0.000387814129024459	0.000738267973292558	0.00114043492751208
cpagomiscuentas_tend3	0.00038697319116563	0.0022396591117211	0.00119250958173638
Visa_mconsumosdolares	0.000385875169545937	0.000477522368107991	0.000869646725545742
chomebanking_transacciones	0.000381455004531605	0.000843869416562446	0.000739460089985002
chomebanking_transacciones_eficiencia3	0.000379774474190903	0.000213568607407788	0.000885269121813031
Visa_msaldodolares_ratioavg3	0.000379024275828473	0.000358990991300169	0.00106232294617564
mpagomiscuentas_ratioavg3	0.000376597546223492	0.000738581687736458	0.000630103316113981
Visa_mfinanciacion_limite_max3	0.000376061359046064	0.000473478599610661	0.00102587068821863
ccomisiones_otras_eficiencia3	0.000375326790488612	0.000180516156593644	0.000999833361106482
ccajas_transacciones_avg3	0.000374191858610388	0.000561667535129805	0.000968588568571905
mtransferencias_emitidas_eficiencia3	0.000373870124723294	0.00229558526589872	0.000864439260123313
Visa_mpagosdolares	0.000371806972421702	0.000290704553783899	0.000833194467588735
Master_mpagospesos	0.000371654759480374	0.000199717831158443	0.000458256957173804
cextraccion_autoservicio_min3	0.000369969322994011	0.000683607690182516	0.000666555574070988
mautoservicio_eficiencia3	0.000368731816324932	0.000252890908907636	0.000968588568571905
ccomisiones_mantenimiento_avg3	0.000367603231056284	0.00151352622460286	0.000687385435760707
cprestamos_hipotecarios_eficiencia3	0.000367508797654919	0.0015118817921707	0.000354107648725213
mtarjeta_master_consumo	0.000367325395429496	0.00126434465818463	0.000463464422596234
Visa_Finiciomora_tend3	0.000366325063440204	0.000400715834226287	0.00026037327112148
mpagomiscuentas_max3	0.000365859979739952	0.000359351224574366	0.0005103316113981
ccajas_extracciones_ratioavg3	0.000365463344888018	0.00130872058130525	0.000916513914347609
Visa_msaldodolares_max3	0.000363912266815465	0.000981829884195551	0.000932136310614898
Visa_mpagado_min3	0.000362758023607843	0.00066934161419908	0.000932136310614898
ccheques_emitidos_rechazados_avg3	0.000361955662407361	0.00171136259098536	0.00064051824695884
Master_mconsumototal_eficiencia3	0.000361460794052324	0.00023581562158218	0.00113522746208965
Master_msaldopesos_max3	0.000361099918431134	0.000517839975323224	0.000661348108648559
ccaja_ahorro	0.000360127588188967	0.00252607867303784	0.00026037327112148
Visa_msaldopesos_tend3	0.000359990803405823	0.000495024379403247	0.000854024329278454
Visa_Finiciomora_max3	0.000357829365573786	0.000649686586510741	0.000421804699216797
Master_mpagospesos_eficiencia3	0.000356867793917875	0.000306384358389163	0.00115605732377937
kmes_max3	0.000356212330519336	0.000317884783066016	0.000786327278786869
mtarjeta_master_consumo_tend3	0.000356013898963607	0.00061977982776519	0.000999833361106482
Visa_mpagosdolares_avg3	0.00035574676183567	0.000331831720148309	0.000989418430261623
cplazo_fijo_eficiencia3	0.000354784613558514	0.000641348702595432	0.00107794534244293
Master_Finiciomora_avg3	0.000353576053624456	0.00125154647320671	0.000578028661889685
mextraccion_autoservicio_tend3	0.000351227612316445	0.000385586529842464	0.00105711548075321
catm_trx_tend3	0.000348717696946108	0.00043573547267856	0.00101545575737377
ctransferencias_recibidas_ratioavg3	0.000346823433674101	0.000280919819182079	0.00102587068821863
Master_cconsumos_max3	0.000346818281369767	0.000503277197966333	0.00109356773871022
chomebanking_transacciones_min3	0.000341146269418802	0.000365620417750101	0.000723837693717714
ctransferencias_emitidas_max3	0.000339123335123827	0.00102674340390448	0.000843609398433594
mextraccion_autoservicio	0.000337140860020139	0.000253209061543825	0.000374937510414931
thomebanking_max3	0.000336021861905656	0.000306037768446819	0.000328070321613065
ctransferencias_emitidas_min3	0.000335507439221223	0.000385098493068066	0.000755082486252291
Visa_Fvencimiento	0.00033255622830028	0.00027268565746436	0.000708215297450425
Master_mpagado	0.000330951557999271	0.000157622316987372	0.000692592901183136
mttarjeta_master_debitos_automaticos_avg3	0.000327687272820974	0.000292620209078217	0.000921721379770038
ccajas_depositos_avg3	0.000327133176002624	0.000736261170678804	0.00089568405265789
mcuenta_debitos_automaticos_tend3	0.000326993354245934	0.000802167422107746	0.000781119813364439
mtransferencias_emitidas_avg3	0.000326872659235943	0.000270294047141322	0.000614480919846692
mrentabilidad_annual_ratioavg3	0.000325528667846841	0.000876671438267194	0.00105190801533078
ccuenta_debitos_automaticos_eficiencia3	0.00032457010938366	0.000248784430397024	0.00090089151808032
Master_Fvencimiento	0.000323974059103745	0.000455447621545445	0.00105190801533078
Visa_mconsumototal_max3	0.000323545535339748	0.000411745646142918	0.000942551241459757
mextraccion_autoservicio_eficiencia3	0.000320978914160507	0.000508926441430164	0.000874854190968172
cseguro_vida_eficiencia3	0.000320091588607492	0.00046148611091085	0.000942551241459757
ccaja_seguridad_ratioavg3	0.000319957503146618	0.00134276989942096	0.000213506082319613
mtransferencias_recibidas_eficiencia3	0.000318659886817008	0.000274129878110995	0.000827987002166306
Visa_mconsumospesos_tend3	0.000317874260448844	0.000315191129101026	0.000942551241459757
cdescubierto_preacordado_max3	0.000316506921381632	0.00051644473916927	0.0005103316113981
Visa_mconsumospesos_ratioavg3	0.000315796065419815	0.000337440033616578	0.000854024329278454
Visa_delinquency_max3	0.000315372249531198	0.000397955114244471	0.000249958340276621
cforex_sell_eficiencia3	0.000315281115164339	0.000795089409481548	0.00101545575737377
Master_mlimitecompra_max3	0.000314574006841238	0.000302405272435021	0.000859231794700883
cextraccion_autoservicio_ratioavg3	0.000312338041021949	0.000225494441034504	0.00077591234794201
mprestamos_hipotecarios_max3	0.000312276416577916	0.00255962105096754	0.000484294284285952
mcheques_depositados_max3	0.000311039213686067	0.000963917751057209	0.000838401933011165
Master_status_tend3	0.000307454043214579	0.000360812540480192	0.000416597233794368
thomebanking_ratioavg3	0.000306967987194795	0.000928808691249169	0.000614480919846692
ctarjeta_debito_transacciones_tend3	0.000306612613474083	0.000511439115776221	0.000624895850691551
Visa_msaldototal	0.000303312977151101	0.00127507546744292	0.000890476587235461
Master_msaldototal_min3	0.000303011217696945	0.000456951264655517	0.000708215297450425
Master_fultimo_cierre	0.000298611366291703	0.000261610888303607	0.000843609398433594
tcallcenter	0.000298238117239797	0.000359527601623517	0.000411389768371938
ctarjeta_master_debitos_automaticos_ratioavg3	0.000296978198005113	0.00113405889347448	0.000807157140476587
catm_trx_other_tend3	0.000296912235686147	0.000273844683161995	0.000833194467588735
ctransferencias_emitidas_ratioavg3	0.000296811388907391	0.000191769850654677	0.000525954007665389
tcallcenter_ratioavg3	0.000296472846231457	0.000360485593648169	0.000400974837527079
ctarjeta_visa_debitos_automaticos	0.000295557298840776	0.000381050286378446	0.000578028661889685
Visa_cconsumos	0.000295406933977435	0.000460404424823304	0.000765497417097151
mpasivos_margen_eficiencia3	0.000293271210541117	0.0016630095544405	0.000890476587235461
mplazo_fijo_dolares_max3	0.000292235246575676	0.0011135870740273	0.000703007832027995
ccuenta_debitos_automaticos	0.000292023586895822	0.000315693302339754	0.000307240459923346
cforex_ratioavg3	0.000289797947904833	0.000203925237449277	0.000713422762872855
cseguro_accidentes_personales_ratioavg3	0.000288948166232939	0.00183661708941368	0.000843609398433594
cforex_buy_eficiencia3	0.000288457247962159	0.000317530631759031	0.000760289951674721
matm_other_min3	0.000287656641422811	0.000362814658335418	0.000807157140476587
cliente_edad_ratioavg3	0.000286519737261759	0.000219841745643336	0.0010206632227962
mcaja_ahorro_adicional_ratioavg3	0.000285836733645453	0.000458864207721214	0.000854024329278454
Master_mconsumototal_min3	0.000285399780290264	0.000451264871878444	0.000885269121813031
ctarjeta_master_transacciones_ratioavg3	0.000285107247865218	0.000510722101155163	0.000421804699216797
ccheques_emitidos_rechazados	0.000284304705313325	0.000959125818404045	0.000291618063656057
Master_mpagado_eficiencia3	0.000283791568898722	0.000308013257148305	0.000859231794700883
Visa_mconsumosdolares_avg3	0.00028316042336296	0.00036285073919496	0.000562406265622396
ctarjeta_visa_debitos_automaticos_avg3	0.000281395622307107	0.000353246655457089	0.000614480919846692
mcuenta_debitos_automaticos_max3	0.000279573830871305	0.000281370049133267	0.000551991334777537
Master_mconsumosdolares	0.000279524988561259	5.00205640146731e-05	0.000135394100983169
Visa_mpagosdolares_eficiencia3	0.000277989137000095	0.00034909998664963	0.000807157140476587
ctarjeta_visa_transacciones_eficiencia3	0.000277490201689893	0.000376292462054918	0.000812364605899017
mforex_sell_ratioavg3	0.000277102677649678	0.000294346090557769	0.000749875020829862
mcaja_ahorro_dolares_max3	0.000271430594755638	0.000599791606900124	0.000713422762872855
active_quarter_min3	0.000267711211350842	0.000370165044466222	0.000578028661889685
Master_fultimo_cierre_min3	0.000265902790760366	0.000381418491961017	0.000729045159140143
mpagodeservicios_eficiencia3	0.000265206272633562	0.000669376873171161	0.000869646725545742
mpasivos_margen_min3	0.000262698104481509	0.000310378402695096	0.000791534744209298
mprestamos_hipotecarios_ratioavg3	0.000260591908032114	0.00172058351078887	0.000427012164639227
tmobile_app_max3	0.000259423420842011	0.000353005678053496	0.000442634560906516
cextraccion_autoservicio_tend3	0.000258801732809586	0.000179533425756414	0.000411389768371938
ccajas_extracciones_max3	0.000258554834317634	0.000431729839759425	0.00064051824695884
ccomisiones_mantenimiento	0.000258451004771068	0.0021816022143006	0.000468671888018664
ccallcenter_transacciones	0.000256360939012353	0.00101432780753969	0.00051553907682053
Master_delinquency_tend3	0.000254187299552379	0.000406341325142493	0.000182261289785036
Visa_mconsumototal_tend3	0.00025382545545293	0.000275338052678804	0.000650933177803699
mforex_buy_ratioavg3	0.000253778286658792	0.000818968199021196	0.000682177970338277
mautoservicio_min3	0.000253206357677782	0.00121234523572988	0.000624895850691551
Master_msaldopesos_ratioavg3	0.000251995969017149	0.000217283045599458	0.000708215297450425
minversion2_ratioavg3	0.000251982958551025	0.00125787755450826	0.000734252624562573
mcaja_ahorro_adicional_max3	0.000251897276380924	0.000439046692881816	0.000703007832027995
ctarjeta_debito_eficiencia3	0.000251037093597447	0.00227458957538385	0.000369730044992501
ctarjeta_debito_transacciones_max3	0.00025008861500515	8.7957409821354e-05	0.000619688385269122
Master_mpagosdolares	0.000249523426160833	0.000343299433704211	0.000427012164639227
mcomisiones_otras_tend3	0.000248077724803823	0.000392385347298128	0.000624895850691551
mforex_sell_max3	0.000247895145467237	0.000280577831809518	0.000661348108648559
ccuenta_debitos_automaticos_avg3	0.000246020182269585	0.000252123266018974	0.00064051824695884
ccajas_otras_avg3	0.000243078939322619	0.000534226274390044	0.000729045159140143
mcomisiones_otras_ratioavg3	0.00024301069026946	0.000202141659469956	0.000718630228295284
Visa_mlimitecompra_max3	0.000240535827748873	0.000321048145715022	0.000755082486252291
mttarjeta_visa_debitos_automaticos_max3	0.000239854145111497	0.000374511103171742	0.000676970504915847
ccheques_depositados_eficiencia3	0.000238828770942979	0.000932575401483364	0.00077591234794201
ccaja_ahorro_min3	0.000237648169914271	0.000941933987436606	0.000312447925345776
mcomisiones_otras_max3	0.000237579869051609	0.000208639337359875	0.00064051824695884
mttarjeta_master_debitos_automaticos_min3	0.00023668475936594	0.000260539147054341	0.000755082486252291
thomebanking_min3	0.000235941146292599	0.00013746371885162	0.000421804699216797
ccheques_emitidos_eficiencia3	0.0002354383852119	0.00264773766039011	0.000807157140476587
mextraccion_autoservicio_avg3	0.00023478040206348	0.000133050100996798	0.000593651058156974
Master_cconsumos_eficiencia3	0.000234553472776316	0.000348332836893445	0.000729045159140143
cplazo_fijo_avg3	0.000234490785928879	0.000498893743381333	0.0005103316113981
Visa_mpagosdolares_min3	0.0002335223816997	0.00066061801849828	0.000666555574070988
cseguro_vida_avg3	0.000232948531628153	0.000932962017345063	0.000729045159140143
mtarjeta_visa_descuentos_eficiencia3	0.000231875139345464	0.000329153106723857	0.000723837693717714
ctarjeta_master_debitos_automaticos_max3	0.000230165339322634	0.00025686867984184	0.000562406265622396
mtarjeta_visa_descuentos_avg3	0.00022578299335706	0.000364218606496459	0.000718630228295284
kmes_ratioavg3	0.000225749239738592	0.000263314332255471	0.000567613731044826
ctarjeta_visa_debitos_automaticos_min3	0.000224774160579355	0.000610806624842455	0.000650933177803699
ccajas_transacciones_ratioavg3	0.000224021385066326	0.000640361204810928	0.000525954007665389
cprestamos_prendarios_eficiencia3	0.000223364565471466	0.000579753990598645	0.000447842026328945
ccheques_depositados_avg3	0.000223066785800355	0.000507172615776935	0.000557198800199967
active_quarter_ratioavg3	0.000222268160511562	0.000165885409143721	0.000411389768371938
cforex_sell_avg3	0.00022217738997303	0.000186442869264341	0.000588443592734544
ctarjeta_debito_tend3	0.000220654925377317	0.00213025109667516	0.000588443592734544
Visa_mconsumosdolares_min3	0.00022042299394987	0.000254675637529402	0.000635310781536411
mcaja_ahorro_adicional_tend3	0.000220164194412229	0.000373030719476819	0.000630103316113981
cpagomiscuentas_avg3	0.000219677378822299	0.000365327003926491	0.000593651058156974
Visa_delinquency_tend3	0.00021666393042057	0.000279094982452212	0.000177053824362606
mcheques_depositados_ratioavg3	0.000216301472376704	0.000778725547942415	0.000567613731044826
Master_mpagominimo_min3	0.00021461660724713	0.000251412251176381	0.000453049491751375
ctarjeta_master_transacciones_min3	0.000214333721192296	0.000228057086138196	0.000536368938510248
catm_trx_eficiencia3	0.000213738816312647	0.000231924395397629	0.000572821196467256
ccajas_consultas	0.000212694616270132	0.00184728625711238	0.000364522579570072
Master_msaldototal_avg3	0.000211311041186827	0.000222646847548051	0.000531161473087819
ctarjeta_debito_avg3	0.00021098713838042	0.000327062964721548	0.000650933177803699
cseguro_vivienda_eficiencia3	0.000209564682825232	0.000285488034068333	0.000697800366605566
cplazo_fijo_ratioavg3	0.000208525210408881	0.000751837581841463	0.000307240459923346
cliente_edad_eficiencia3	0.000206410198973853	0.000310499959850592	0.00077591234794201
ctransferencias_emitidas_tend3	0.000206139938789448	0.000479680808958317	0.000489501749708382
catm_trx_other_eficiencia3	0.000204606613549657	0.000227867969833398	0.000614480919846692
minversion1_pesos	0.000203660908853364	0.00290830688852553	0.000536368938510248
mplazo_fijo_dolares	0.000203324697822875	0.00152677652987312	0.00038535244125979
tmobile_app_tend3	0.00019908919360187	0.000609152329760764	0.000416597233794368
ccajas_consultas_avg3	0.000197643756919894	0.000595783261752367	0.000406182302949508
mcheques_emitidos_rechazados_max3	0.000196859809005333	0.000529242266637223	0.00038535244125979
mplazo_fijo_dolares_eficiencia3	0.000194983181477341	0.00194710424269604	0.000588443592734544
Visa_msaldodolares_tend3	0.000194753332595832	0.00100095175348788	0.000598858523579404
Master_mpagado_avg3	0.00019378542769117	0.000179826264258802	0.000609273454424263
ccajas_consultas_eficiencia3	0.000192463953793716	0.000503794658311838	0.000421804699216797
catm_trx_other	0.000191907124686714	0.000104679367727286	0.000192676220629895
ctarjeta_visa_descuentos_max3	0.000191273921765481	0.000578415464679507	0.000551991334777537
mforex_buy_max3	0.000190961162794545	0.00125391342690591	0.000578028661889685
mcheques_emitidos_ratioavg3	0.000190853943374389	0.00150706495632746	0.000562406265622396
Visa_Finiciomora_eficiencia3	0.00019009742929929	0.000746718127035053	0.000463464422596234
tmobile_app_ratioavg3	0.000189490826509317	0.00154077508148797	0.000479086818863523
matm_other_max3	0.000188948501013214	0.000141637674322788	0.000453049491751375
mforex_sell_avg3	0.000188416494648414	0.000196258917778428	0.000427012164639227
ccomisiones_mantenimiento_min3	0.000188110037993015	0.000420745560408139	0.000328070321613065
mttarjeta_master_debitos_automaticos	0.000188077044670825	0.000121149581503884	0.000531161473087819
Master_madelantodolares	0.000187993294955224	1.98189120480808e-05	0.000151016497250458
Master_mfinanciacion_limite_tend3	0.00018714841529004	0.000232172030089657	0.000531161473087819
Master_msaldopesos_tend3	0.000186779459492269	0.000239223824505845	0.000463464422596234
mpagodeservicios	0.000185849811530132	0.0015869391851577	0.000473879353441093
ccajas_otras	0.000185454243329473	0.000545489666723118	0.000468671888018664
Master_delinquency_ratioavg3	0.000185342187690145	0.000354847116910078	0.000145809031828029
mtarjeta_visa_descuentos	0.000185101174133184	0.00380095598341389	0.000624895850691551
mforex_sell_tend3	0.000184384474771113	0.000517732965575789	0.000630103316113981
mplazo_fijo_dolares_min3	0.000183592912783959	0.000958722764793125	0.000447842026328945
mcheques_emitidos_max3	0.000180615699701274	0.000573546192416255	0.000531161473087819
ccajas_extracciones_tend3	0.000180538554771402	0.000235513824506466	0.000505124145975671
cseguro_vida_min3	0.000180198723574629	0.000271257628000709	0.000447842026328945
Master_mpagospesos_avg3	0.000180171796901908	0.000209233890749231	0.000499916680553241
Master_cconsumos	0.000180063961504165	0.000120646915132679	0.000333277787035494
ccajas_transacciones	0.000177506392791955	0.000309836203537012	0.000374937510414931
mforex_sell_eficiencia3	0.000176755191677846	0.000311940810758636	0.000505124145975671
ccallcenter_transacciones_eficiencia3	0.000176318830374201	0.000265424363934339	0.000635310781536411
mtarjeta_master_consumo_avg3	0.000175481972359377	0.000148109051813952	0.000369730044992501
Master_mfinanciacion_limite_ratioavg3	0.000175481269790576	0.000339709593651644	0.000499916680553241
Visa_mlimitecompra_tend3	0.000175385296989843	0.00169551298443064	0.000604065989001833
Visa_cadelantosefectivo	0.00017395517671437	0.000312148008587578	0.000213506082319613
ccajas_otras_ratioavg3	0.000173369526602066	0.000691715281231226	0.000411389768371938
cforex_max3	0.000170373931166672	0.000331858513679541	0.000437427095484086
Visa_mlimitecompra_ratioavg3	0.000169725673246375	0.00065376988779495	0.000406182302949508
Master_Finiciomora_tend3	0.000169152662909922	0.000358462599851431	0.000156223962672888
Visa_mpagado_ratioavg3	0.000168951535553663	0.00021292572703572	0.000479086818863523
Master_mpagospesos_min3	0.000168921379990766	0.000260624048029072	0.000442634560906516
matm_ratioavg3	0.000168116242389126	9.07977706981497e-05	0.000447842026328945
mforex_buy_tend3	0.000167949875868722	0.000334855444117675	0.000499916680553241
matm_tend3	0.00016782516440603	0.000164448338917998	0.000411389768371938
Master_mconsumosdolares_tend3	0.000167805644531586	7.14585121723635e-05	0.000348900183302783
ccallcenter_transacciones_avg3	0.000167066376884949	0.00108699556273357	0.000479086818863523
Master_msaldodolares_max3	0.000166501868571333	0.00025189330190736	0.00038014497583736
Master_cconsumos_avg3	0.000166497156593309	8.42175753071368e-05	0.000400974837527079
cseguro_vivienda_avg3	0.000165439402103048	0.000490390166953867	0.00051553907682053
mpagomiscuentas_tend3	0.000164924779296697	0.001026167342983	0.000406182302949508
mprestamos_prendarios_max3	0.000164761646822004	0.000812132478818529	0.000406182302949508
mtransferencias_emitidas_min3	0.000164538557610132	0.000987300860269071	0.00051553907682053
ccajas_depositos	0.00016410392214019	0.00158298229016501	0.000447842026328945
mcajeros_propios_descuentos_eficiencia3	0.000162477923642464	0.000227366700670877	0.000473879353441093
cprestamos_hipotecarios_avg3	0.000161957703848678	0.000502792448741779	0.000213506082319613
mextraccion_autoservicio_min3	0.0001601198770633	0.000413123047338966	0.000291618063656057
internet_tend3	0.000159834052171629	0.000350904194004224	0.000312447925345776
cextraccion_autoservicio_max3	0.000159663563618964	0.000173249438606379	0.000416597233794368
cforex_tend3	0.000158669514484877	0.000136429209104341	0.000432219630061656
Master_mpagado_min3	0.000157794021830083	0.000136449674102122	0.000406182302949508
ctarjeta_master_transacciones_tend3	0.000154145072735724	0.000528466322685203	0.000322862856190635
tcuentas_max3	0.000153006762965084	0.00106716834962213	0.000275995667388769
mcheques_emitidos_rechazados_ratioavg3	0.000152168157151072	0.000241987338905029	0.000291618063656057
Visa_msaldodolares_avg3	0.00015138886795277	0.000595195530028938	0.000432219630061656
Master_mconsumospesos_max3	0.000151034835651597	8.8893950583271e-05	0.000374937510414931
Master_mlimitecompra_ratioavg3	0.000150894014011449	0.000402712198869285	0.000473879353441093
minversion1_pesos_avg3	0.000150540997024035	0.00268661819737962	0.000473879353441093
mcheques_emitidos_tend3	0.000149663345978839	0.000573722487276659	0.000479086818863523
ctarjeta_visa_descuentos_ratioavg3	0.000148615306732389	0.00187295207655869	0.000484294284285952
cseguro_vivienda	0.000148415996085223	0.000400748134403508	0.000437427095484086
cforex_eficiencia3	0.00014823646003953	0.000559653993038871	0.000505124145975671
Master_mconsumosdolares_max3	0.000147617289033992	0.000118444092359454	0.000453049491751375
cseguro_vida	0.000146822908130665	0.000272322958527779	0.000437427095484086
Visa_mpagado_max3	0.000146372263125131	0.000136006841138085	0.000416597233794368
minversion2_max3	0.000146363313623586	0.000703433177330285	0.000489501749708382
ccajas_transacciones_min3	0.000146341974498586	0.000395723196655124	0.000322862856190635
cpagodeservicios_max3	0.000146320829032931	0.000202869029873025	0.00039055990668222
Visa_mpagado_tend3	0.000145574869392139	0.000954382459299832	0.000416597233794368
ccajas_otras_tend3	0.000145056299986963	0.000643134006538421	0.000333277787035494
ccheques_depositados_rechazados_eficiencia3	0.000144954226009196	0.000387472268433199	0.000453049491751375
mforex_buy_eficiencia3	0.000144473531746457	0.000167583921770818	0.000328070321613065
ctransferencias_recibidas_tend3	0.000141251341298664	0.000430759765989095	0.0005103316113981
minversion1_pesos_min3	0.000141224063976907	0.00189311305816808	0.000421804699216797
mtarjeta_master_consumo_min3	0.000140927702586385	0.000222526605412493	0.000275995667388769
mprestamos_hipotecarios_eficiencia3	0.000140866970739839	0.00140395522927337	0.000213506082319613
minversion2_tend3	0.000140732532741987	0.000742811860309964	0.000458256957173804
cpagodeservicios_tend3	0.000140630364403395	0.000259127966283642	0.00039055990668222
Visa_msaldodolares	0.000140556047212197	0.000155036165902292	0.000369730044992501
catm_trx_avg3	0.000140297430877604	0.000280257788832168	0.000395767372104649
Visa_msaldodolares_min3	0.000140053165157944	0.000348105995954183	0.00038535244125979
minversion1_pesos_eficiencia3	0.000139821293745289	0.000941772650927993	0.000463464422596234
matm_other_tend3	0.000139708640608428	0.000183386598551516	0.000328070321613065
catm_trx_other_avg3	0.000139231638253792	0.000181467244763623	0.000406182302949508
ctarjeta_master_min3	0.000138599425086478	4.73642237404165e-05	8.33194467588735e-05
Master_mconsumospesos_ratioavg3	0.000137693163105903	0.000126999612074461	0.00038014497583736
Visa_mfinanciacion_limite_tend3	0.00013750055788633	0.000123307611410479	0.000354107648725213
ccheques_depositados_rechazados_avg3	0.000136941490369204	0.000144552744769797	0.000203091151474754
cpayroll_trx	0.000135908967469643	0.00134052622884092	0.00026037327112148
thomebanking_tend3	0.000135331592427689	0.000775464380685539	0.000229128478586902
cinversion2_eficiencia3	0.000135158959934644	0.000193426200455021	0.000359315114147642
cseguro_accidentes_personales_max3	0.000134301537831573	0.000587476527371833	0.000411389768371938
mtarjeta_master_consumo_eficiencia3	0.000132361110586582	7.87276136332655e-05	0.000437427095484086
ctarjeta_debito	0.000132267893020266	0.000195668391637632	0.000359315114147642
mttarjeta_master_debitos_automaticos_ratioavg3	0.000130750256365822	0.000373978026964476	0.000374937510414931
cpagomiscuentas_min3	0.000129691411733923	0.00019648386837653	0.000348900183302783
ccheques_emitidos_rechazados_min3	0.000129682494545242	0.000699677233821831	0.000187468755207465
mcajeros_propios_descuentos_avg3	0.000128433911171576	0.000542015959368803	0.00038535244125979
mcheques_emitidos_rechazados_tend3	0.000128348974230519	0.000369589887620948	0.000286410598233628
cinversion2	0.000127810972558698	0.000966430096648282	0.000369730044992501
ccheques_emitidos_rechazados_eficiencia3	0.000127673012131899	0.000318379559317595	0.000328070321613065
ccheques_emitidos_avg3	0.00012745434306569	0.000640177184208389	0.00039055990668222
Master_msaldodolares_ratioavg3	0.000127450376062563	0.000375720264004504	0.000416597233794368
mprestamos_prendarios_eficiencia3	0.000127203552108037	0.000515187415731288	0.000333277787035494
cinversion1_ratioavg3	0.00012707183775787	0.000500708306517937	0.000348900183302783
cseguro_accidentes_personales_eficiencia3	0.000126866966647698	0.00103897045928568	0.000338485252457924
cseguro_accidentes_personales_tend3	0.000126613993083148	0.00132655110101871	0.000328070321613065
Master_mconsumosdolares_ratioavg3	0.000126513590987492	0.000260307950111535	0.000364522579570072
Master_mlimitecompra_tend3	0.000125430211960319	0.000161099229702785	0.000416597233794368
Master_mconsumospesos_tend3	0.000124906767778375	0.000102941979823278	0.000406182302949508
ccajas_otras_min3	0.000124755874145873	0.000962952362045408	0.000317655390768205
Visa_cadelantosefectivo_avg3	0.000123370262299239	0.000255313504387957	0.000213506082319613
ctarjeta_master_debitos_automaticos_eficiencia3	0.0001226871466408	0.000253179062651495	0.000473879353441093
Visa_cadelantosefectivo_max3	0.000122041996927576	9.8815200692378e-05	7.81119813364439e-05
Master_Finiciomora_max3	0.000120297000462437	0.000355898557539056	0.000177053824362606
mcheques_depositados_tend3	0.000120288916364744	0.000240803903149799	0.00038014497583736
cforex_buy_avg3	0.000120150089190749	0.000332619170524783	0.000333277787035494
mttarjeta_master_debitos_automaticos_max3	0.00011925943831726	0.000221397989550918	0.000286410598233628
cforex_sell	0.000119030054160088	0.000146039785753155	0.000281203132811198
ccajas_depositos_ratioavg3	0.000118636166010523	0.000475102567045037	0.000348900183302783
mprestamos_prendarios_tend3	0.000118445320716539	0.000283583638632232	0.000333277787035494
mtarjeta_visa_descuentos_tend3	0.000118434861369189	0.000404774561075409	0.000411389768371938
cpagodeservicios_eficiencia3	0.000117702732432977	0.000204090108073973	0.000328070321613065
mcaja_ahorro_adicional_min3	0.000117597208022229	0.000184847750079849	0.000291618063656057
minversion2	0.00011557537889982	0.00182525128990295	0.000317655390768205
Master_msaldodolares_tend3	0.000115015716027249	0.000176328886545607	0.000338485252457924
Master_msaldodolares_eficiencia3	0.000114253263210794	0.000138850078620994	0.000307240459923346
cforex_buy_ratioavg3	0.000110703542892059	0.000325085585678901	0.000229128478586902
cseguro_vivienda_min3	0.000110416941729211	0.000146685789297575	0.000354107648725213
cplazo_fijo_tend3	0.00011033006630676	0.000551718751790752	0.000249958340276621
cpagodeservicios_ratioavg3	0.000109559992083781	0.00010277020534391	0.000343692717880353
tcuentas_eficiencia3	0.000109550233744049	0.000117834909373291	0.000203091151474754
ccuenta_debitos_automaticos_min3	0.000109244407552566	0.000554343531586502	0.000374937510414931
Visa_status	0.000108885478327605	0.000299822573277278	0.000229128478586902
mpagodeservicios_avg3	0.000107778438223848	0.000106844548054792	0.000343692717880353
ctarjeta_master_debitos_automaticos_tend3	0.000105926407901529	0.000265572796809812	0.000291618063656057
Master_mconsumosdolares_eficiencia3	0.000105705058392476	0.000220262552023416	0.000343692717880353
mplazo_fijo_dolares_avg3	0.000104326404994052	0.000262017311653119	0.000281203132811198
Master_mconsumototal_max3	0.000104321691382232	6.46421063250322e-05	0.000338485252457924
Master_delinquency_max3	0.000103783698895978	0.000145545502634053	9.89418430261623e-05
mcheques_depositados_rechazados_tend3	0.000102678014080877	0.000124039009062107	0.000197883686052325
ccheques_emitidos_rechazados_max3	0.000102014650622744	9.67875221371124e-05	0.000171846358940177
Master_mpagosdolares_eficiencia3	0.000101925854581741	0.000102890200913229	0.000343692717880353
tcallcenter_tend3	0.000101633546821867	0.000116326334938452	0.000166638893517747
cforex_avg3	0.000100894150831439	0.000139302445479581	0.000192676220629895
cplazo_fijo_min3	0.000100476113317975	0.00102823414338141	0.000322862856190635
cseguro_vida_max3	9.90210985221732e-05	0.000324052884084036	0.00025516580569905
ctarjeta_visa_descuentos_tend3	9.83314724751362e-05	0.000439407830232221	0.000348900183302783
ctarjeta_debito_min3	9.80251535306286e-05	0.000126956545171499	0.000296825529078487
ccheques_emitidos	9.7982840633833e-05	0.00123926287196818	0.000322862856190635
Visa_mpagosdolares_ratioavg3	9.73679104194093e-05	0.000125435067103522	0.000307240459923346
mttarjeta_master_debitos_automaticos_tend3	9.72329335954715e-05	0.000512749368766698	0.000296825529078487
cinversion2_min3	9.67963372066641e-05	0.00113786480774057	0.000312447925345776
Master_cconsumos_min3	9.67489044273182e-05	6.91884590048212e-05	0.000213506082319613
mcaja_ahorro_adicional_eficiencia3	9.55498045743645e-05	0.0011178817647665	0.000322862856190635
ccajas_extracciones_eficiencia3	9.45666847401146e-05	0.00104822754213748	0.000281203132811198
ccajas_otras_max3	9.31432467286315e-05	9.68482596204873e-05	0.000239543409431761
mprestamos_prendarios	9.27793305395426e-05	0.00186070685746459	0.000234335944009332
mcheques_emitidos_rechazados_avg3	9.19470582647333e-05	0.000230911747856815	0.000182261289785036
Master_msaldodolares_min3	9.12146293997904e-05	0.00011052331633065	0.000197883686052325
cinversion1_max3	9.07311251159925e-05	0.00072228596066785	0.00025516580569905
matm_other_ratioavg3	8.82636392592146e-05	3.16378181161084e-05	0.000203091151474754
ccheques_emitidos_ratioavg3	8.71097512752585e-05	0.0014802151258047	0.000249958340276621
ccajeros_propios_descuentos_max3	8.70900301896987e-05	0.000112365988018424	0.000229128478586902
ctarjeta_master_debitos_automaticos_avg3	8.68889427706866e-05	0.000191292416228528	0.000249958340276621
mplazo_fijo_pesos_eficiencia3	8.65186896658817e-05	0.00019681171928476	0.000270788201966339
mpagodeservicios_min3	8.65151971898711e-05	0.00141306765993202	0.000302032994500917
mtarjeta_master_descuentos_avg3	8.61437483275614e-05	0.000742626689064979	0.000296825529078487
Master_mpagosdolares_avg3	8.5916490792527e-05	0.000303144724583767	0.000270788201966339
ctarjeta_master_descuentos_max3	8.58052853808976e-05	0.000129373798383324	0.00025516580569905
catm_trx_other_min3	8.55526984089062e-05	0.000281881509700306	0.000275995667388769
Master_mpagosdolares_tend3	8.50320963430457e-05	0.000157676479371058	0.000208298616897184
cprestamos_prendarios_avg3	8.49108626158892e-05	0.000850135815320813	0.000281203132811198
mcajeros_propios_descuentos_max3	8.46167193401079e-05	3.97881473127957e-05	0.000171846358940177
mcheques_depositados	8.45022649970661e-05	0.000502074119100783	0.000286410598233628
Visa_madelantopesos_max3	8.34570843498918e-05	0.000200876774667332	0.000166638893517747
Visa_mpagosdolares_tend3	8.33465509006093e-05	0.000100938136004385	0.000312447925345776
ctarjeta_master_eficiencia3	8.31170178138103e-05	0.000108845186512588	0.000171846358940177
ccheques_depositados_rechazados	8.30124129400389e-05	0.000136462084602785	0.000114564239293451
ccajeros_propios_descuentos_tend3	8.29480469491733e-05	4.95826623754021e-05	0.000218713547742043
Master_mconsumototal_ratioavg3	8.27043691058003e-05	5.08934084983552e-05	0.000249958340276621
Visa_cadelantosefectivo_min3	8.21941705477564e-05	5.68601470884073e-05	7.29045159140143e-05
Master_Finiciomora_ratioavg3	8.19539283242757e-05	0.000170059857747365	0.00012497917013831
mcaja_ahorro_adicional	8.18201712201912e-05	0.000206295314320835	0.000239543409431761
mforex_sell	8.14169382629408e-05	0.000145196036085595	0.000140601566405599
mcheques_depositados_rechazados_max3	8.13047777338777e-05	0.000462652697973127	0.00025516580569905
cseguro_vivienda_ratioavg3	8.12896188253565e-05	0.000109959254966101	0.000218713547742043
cforex_sell_ratioavg3	8.09835944362045e-05	4.0075972301671e-05	0.000187468755207465
mcheques_emitidos_eficiencia3	8.05748147398383e-05	0.000466950018752205	0.000229128478586902
ccheques_depositados	8.0273618691328e-05	0.000623429336847433	0.000239543409431761
tcuentas_avg3	7.96014583282431e-05	0.00121264177272584	0.000223921013164473
ccajas_depositos_max3	7.95946814492829e-05	0.000145593829616765	0.000229128478586902
ctarjeta_master_max3	7.94768900950443e-05	4.33336054424641e-05	0.000151016497250458
mcheques_depositados_eficiencia3	7.94006042153711e-05	0.000214998362835108	0.00025516580569905
Master_madelantopesos_max3	7.92546350996649e-05	0.000104708626920901	0.000182261289785036
minversion1_pesos_tend3	7.90334854946905e-05	0.00122070005052689	0.000229128478586902
mcaja_ahorro_adicional_avg3	7.87882872766016e-05	0.000212675708870055	0.000239543409431761
mprestamos_hipotecarios_tend3	7.85652325196824e-05	0.000168363153272682	0.000203091151474754
ccajeros_propios_descuentos_ratioavg3	7.81990959648442e-05	5.29627567478983e-05	0.000234335944009332
active_quarter_max3	7.6793566614004e-05	8.09146561672374e-05	0.000151016497250458
tcallcenter_max3	7.57518128731407e-05	7.09702288317274e-05	0.000145809031828029
minversion1_dolares_max3	7.44668826828967e-05	0.000521020926363897	0.000234335944009332
cliente_edad_tend3	7.42882714023281e-05	4.38100536036605e-05	0.000281203132811198
cforex_sell_max3	7.40690983643588e-05	0.000181701811445019	0.000171846358940177
catm_trx_min3	7.39911208880967e-05	0.000441248447201342	0.000192676220629895
cinversion2_avg3	7.38034541996632e-05	0.000568685467782597	0.00025516580569905
ctarjeta_visa_descuentos_eficiencia3	7.27290337506835e-05	7.15413584284418e-05	0.000234335944009332
Visa_madelantodolares	7.12522732687001e-05	8.28045041952775e-05	0.000109356773871022
ccajas_depositos_min3	7.11093137513723e-05	0.000657145626163902	0.000218713547742043
minversion1_dolares_ratioavg3	7.05096410904718e-05	0.000176479620705972	0.000197883686052325
ctarjeta_master_descuentos_tend3	6.9403372719568e-05	0.000155521408259322	0.000223921013164473
Master_msaldodolares_avg3	6.88020552975781e-05	4.01339975564242e-05	0.000177053824362606
Master_mpagado_max3	6.83899882211219e-05	3.03354552452585e-05	0.000208298616897184
ccajas_transacciones_tend3	6.81844605425966e-05	0.000155781946584489	0.000161431428095317
ccajas_transacciones_max3	6.75497615357553e-05	5.7891944607065e-05	0.000145809031828029
ctarjeta_master_transacciones_max3	6.74759567757529e-05	0.000144091830281615	0.000203091151474754
mtarjeta_visa_descuentos_max3	6.72198067477422e-05	8.02483520025283e-05	0.000208298616897184
ccheques_depositados_max3	6.70662711210744e-05	0.000330151782177832	0.000145809031828029
ccheques_depositados_ratioavg3	6.69875971392112e-05	0.000269714369915012	0.000171846358940177
Visa_madelantopesos	6.66115482320907e-05	0.000228214313209503	0.000145809031828029
cseguro_auto_ratioavg3	6.62523610851229e-05	0.000126872712650468	0.000229128478586902
Master_Finiciomora_eficiencia3	6.56790668674517e-05	0.000327289312528333	0.000208298616897184
mforex_buy_avg3	6.52510065933685e-05	0.000700251733157136	0.000239543409431761
minversion2_eficiencia3	6.51247489782826e-05	0.000198675842235268	0.000223921013164473
cplazo_fijo_max3	6.45890935471548e-05	0.000179693282867597	0.000109356773871022
Master_cadelantosefectivo_eficiencia3	6.37188062406215e-05	0.000172099042727086	0.000229128478586902
Master_mconsumototal_tend3	6.21351100744739e-05	7.89794399513448e-05	0.000187468755207465
ccajeros_propios_descuentos_eficiencia3	6.16330352246112e-05	7.01625600237101e-05	0.000161431428095317
active_quarter_tend3	6.11231069691215e-05	7.53051920565229e-05	0.00013018663556074
mcheques_emitidos_rechazados	6.10318444036967e-05	0.000679477952256756	0.000140601566405599
Master_mpagosdolares_max3	6.03591764018861e-05	0.000181725563992644	0.000177053824362606
Master_cadelantosefectivo	6.03449023212425e-05	6.97353429214333e-05	0.000135394100983169
mcheques_emitidos_avg3	6.01632161630487e-05	3.71161911767783e-05	0.000104149308448592
Master_mpagosdolares_min3	5.83933968104807e-05	0.000250264485336963	0.000182261289785036
ctarjeta_master_descuentos_eficiencia3	5.72246794002975e-05	0.000232255862610688	0.000156223962672888
Visa_madelantopesos_eficiencia3	5.69229881662215e-05	0.000114638835603334	0.000203091151474754
Master_msaldodolares	5.63730933998556e-05	0.000224409220830875	0.000203091151474754
mcheques_emitidos_rechazados_min3	5.6216895883011e-05	0.000268839963845154	8.85269121813031e-05
mcheques_depositados_rechazados_ratioavg3	5.59693468859055e-05	6.57367782344636e-05	0.000156223962672888
cprestamos_hipotecarios	5.52465431155136e-05	0.000740826673336437	0.000119771704715881
cseguro_vivienda_max3	5.50795437712659e-05	9.9737522801218e-05	0.000166638893517747
mpagodeservicios_tend3	5.49452913000828e-05	0.000116445672997803	0.000166638893517747
cprestamos_prendarios	5.48047752524931e-05	0.000972657044808517	0.000203091151474754
cinversion2_ratioavg3	5.47312280151255e-05	0.000376081812298639	0.000119771704715881
minversion1_pesos_ratioavg3	5.38169376311647e-05	0.000118068325412242	0.000171846358940177
mprestamos_prendarios_min3	5.37222178071206e-05	0.000478243656543847	0.000177053824362606
minversion2_min3	5.32402177779131e-05	0.00100950193093439	0.000171846358940177
minversion1_pesos_max3	5.28889636569217e-05	0.000856475526440709	0.000171846358940177
mpagodeservicios_max3	5.2684314089555e-05	2.23769545819906e-05	0.000135394100983169
mcajeros_propios_descuentos	5.14581078099583e-05	0.00114111241385433	0.000197883686052325
Master_madelantopesos_eficiencia3	5.12682889395494e-05	0.00019493962402588	0.000145809031828029
Visa_madelantopesos_ratioavg3	5.11534998497582e-05	0.00013123077091292	0.000145809031828029
ccajeros_propios_descuentos_avg3	5.09692113078869e-05	0.000129237776008513	0.000166638893517747
mprestamos_hipotecarios	5.07652637647228e-05	0.00161094701102874	0.000192676220629895
cseguro_vida_ratioavg3	5.06016322196593e-05	0.000149029894525362	0.000151016497250458
mcheques_depositados_avg3	5.05020497089405e-05	6.62151989255666e-05	0.000104149308448592
mtarjeta_master_descuentos_eficiencia3	5.01892471700977e-05	6.12660392010953e-05	0.000187468755207465
mpagodeservicios_ratioavg3	4.86508983691375e-05	8.20961193925604e-05	0.000145809031828029
mprestamos_hipotecarios_avg3	4.85188759212564e-05	0.000415038949199523	0.000114564239293451
ccajas_extracciones_avg3	4.82029579866352e-05	8.47670892636245e-05	0.000182261289785036
cinversion1_avg3	4.81877575433764e-05	0.000493722263098635	0.00013018663556074
ctarjeta_master_avg3	4.80950579268573e-05	8.41017713638687e-05	0.00013018663556074
cpayroll2_trx_eficiencia3	4.78397568921209e-05	0.0004291436064856	0.000166638893517747
ccheques_emitidos_min3	4.764359914544e-05	0.000414829614463182	0.000156223962672888
ccajas_depositos_tend3	4.70811976668705e-05	2.75930633538253e-05	0.000135394100983169
mprestamos_prendarios_avg3	4.70592582487303e-05	0.000222094703551688	0.00013018663556074
cinversion1_eficiencia3	4.6529683336188e-05	0.000742836105990066	0.000197883686052325
cseguro_accidentes_personales_avg3	4.61822652604576e-05	0.000379285036489508	0.000151016497250458
tcuentas_tend3	4.6156388973659e-05	0.000268232095878929	0.000135394100983169
Master_mpagado_ratioavg3	4.58759516530186e-05	5.97704505881421e-05	0.000140601566405599
mcheques_depositados_rechazados_eficiencia3	4.56185585600179e-05	6.7042428655158e-05	0.00013018663556074
Master_delinquency_min3	4.54421055609319e-05	1.01337080178e-05	5.72821196467255e-05
ccaja_seguridad_max3	4.52309059218658e-05	0.000246555389413791	7.81119813364439e-05
cforex_buy	4.51902805916278e-05	5.50345706598247e-05	0.00013018663556074
ccheques_emitidos_rechazados_tend3	4.48089283084568e-05	0.000194623032975866	8.85269121813031e-05
Master_mconsumosdolares_avg3	4.3934987179432e-05	8.13269971064683e-05	0.000140601566405599
cforex_sell_min3	4.37147049388659e-05	0.000104087033434075	0.000135394100983169
tcuentas_ratioavg3	4.30622594166075e-05	0.000267021044705006	0.000151016497250458
Visa_cadelantosefectivo_eficiencia3	4.27359788190823e-05	0.000137425254518441	0.000161431428095317
ccaja_seguridad_tend3	4.25227455027468e-05	0.00087691677167433	9.37343776037327e-05
ccallcenter_transacciones_min3	4.17005710705822e-05	0.00144516474876139	0.000177053824362606
cinversion2_tend3	4.1677203133396e-05	0.00110532348873848	0.000145809031828029
mforex_sell_min3	4.15089141064982e-05	4.7915874604303e-05	0.000119771704715881
tcuentas	4.14589340931832e-05	9.03277332591499e-05	8.85269121813031e-05
minversion2_avg3	4.11590008604472e-05	0.000181881640421506	0.00012497917013831
mtarjeta_visa_descuentos_min3	4.10206820513098e-05	5.09123940987065e-05	0.00012497917013831
cpagodeservicios_avg3	4.08439209545105e-05	7.69226665799564e-05	0.00012497917013831
cprestamos_hipotecarios_max3	4.01777740517414e-05	0.000195678829608388	6.76970504915847e-05
cseguro_vivienda_tend3	3.99044008314858e-05	7.03022808920961e-05	9.37343776037327e-05
Master_mpagado_tend3	3.8908267045679e-05	2.5634012401561e-05	0.000140601566405599
minversion1_dolares_eficiencia3	3.870270843394e-05	6.35935423021681e-05	9.37343776037327e-05
minversion1_dolares_tend3	3.84067925978765e-05	0.000101610357758814	0.00013018663556074
cseguro_auto_max3	3.83820015876327e-05	4.30009875869593e-05	0.00013018663556074
cpagodeservicios	3.78110278329764e-05	0.000209928467842602	8.85269121813031e-05
mtarjeta_visa_descuentos_ratioavg3	3.77560942212881e-05	0.000189178028546117	0.000119771704715881
ctarjeta_visa_descuentos_avg3	3.76346913780406e-05	9.86628227570912e-05	0.000119771704715881
ccajas_consultas_min3	3.72062083500366e-05	4.19601493062295e-05	7.81119813364439e-05
cinversion2_max3	3.70592327430735e-05	0.000319297032290414	0.000140601566405599
ctarjeta_master_descuentos_ratioavg3	3.68112547473138e-05	0.000163727872369602	0.000140601566405599
ctarjeta_visa_max3	3.67833152296824e-05	5.88565939201514e-05	9.89418430261623e-05
Visa_cadelantosefectivo_ratioavg3	3.61252219270714e-05	0.000169374074849828	8.33194467588735e-05
Master_cadelantosefectivo_avg3	3.5896851667701e-05	7.75182884230115e-05	0.000104149308448592
ccheques_emitidos_tend3	3.57704457765062e-05	0.000162731744766756	0.000104149308448592
ccheques_depositados_min3	3.57017376628372e-05	0.000162601229037934	0.00013018663556074
mcajeros_propios_descuentos_ratioavg3	3.54719252331434e-05	1.41979415129111e-05	6.76970504915847e-05
cforex_buy_max3	3.52911844259109e-05	0.000117855045616088	0.000104149308448592
Visa_status_min3	3.52238076022429e-05	4.04196034491545e-06	2.08298616897184e-05
cseguro_accidentes_personales_min3	3.51705006709627e-05	0.000161649072414257	0.000104149308448592
Master_mpagosdolares_ratioavg3	3.4840592210157e-05	5.10878670716501e-05	0.000104149308448592
mcheques_emitidos	3.39642369834245e-05	0.00024668237102653	9.89418430261623e-05
mplazo_fijo_pesos_avg3	3.3506266978358e-05	5.76334610005509e-05	0.000119771704715881
Master_madelantopesos_tend3	3.27832643204723e-05	9.90426991416089e-05	0.000114564239293451
cforex_buy_tend3	3.24595099717077e-05	7.17832399082418e-05	9.89418430261623e-05
cforex_sell_tend3	3.22107901597241e-05	7.33868245335828e-05	0.000104149308448592
Master_madelantopesos_ratioavg3	3.220427334486e-05	0.000130574658152728	9.37343776037327e-05
mcheques_emitidos_rechazados_eficiencia3	3.17918643329498e-05	3.15522596314085e-05	8.85269121813031e-05
Master_madelantopesos	3.17630680524341e-05	2.04773260931634e-05	5.2074654224296e-05
ctarjeta_master_debitos_automaticos_min3	3.12496919417316e-05	0.000116453809683668	9.89418430261623e-05
cseguro_accidentes_personales	3.08632385828233e-05	8.43006681294535e-05	0.000104149308448592
kmes_tend3	3.0766165728754e-05	6.40671138572506e-05	7.29045159140143e-05
ccheques_emitidos_max3	3.06600338724676e-05	0.000118994428203403	9.37343776037327e-05
minversion1_dolares_min3	3.05893570703233e-05	0.00028721128550801	8.33194467588735e-05
mcheques_emitidos_min3	3.05007838065499e-05	6.00180852801698e-05	0.000114564239293451
cinversion1	3.02513921048325e-05	0.000214032398502084	8.33194467588735e-05
cprestamos_prendarios_max3	2.99836851449832e-05	0.000839517193700967	0.00012497917013831
cseguro_auto_eficiencia3	2.96698553112081e-05	4.07052093418847e-05	0.000104149308448592
ctarjeta_master_descuentos_avg3	2.91762805236268e-05	0.000158739919556968	9.37343776037327e-05
mcajeros_propios_descuentos_tend3	2.89715530423204e-05	4.59462213037906e-05	9.89418430261623e-05
ccajas_extracciones	2.87807068769792e-05	2.09855812991041e-05	6.76970504915847e-05
Visa_cadelantosefectivo_tend3	2.8572483942522e-05	2.69275810765772e-05	5.72821196467255e-05
mcheques_depositados_rechazados	2.85589073114507e-05	0.000129162573305822	8.85269121813031e-05
cprestamos_prendarios_ratioavg3	2.82019671066554e-05	4.54122410203176e-05	6.76970504915847e-05
Visa_madelantodolares_min3	2.75594361513811e-05	7.74448116839896e-06	6.76970504915847e-05
Master_mconsumosdolares_min3	2.73382672313015e-05	5.74888909961444e-05	6.24895850691551e-05
mtarjeta_master_descuentos_max3	2.68986959532146e-05	4.61227627304336e-05	7.29045159140143e-05
ccheques_emitidos_rechazados_ratioavg3	2.62211370908163e-05	6.44217582967128e-05	7.81119813364439e-05
Visa_madelantodolares_tend3	2.61615329269216e-05	9.16322330373987e-07	4.16597233794368e-05
cseguro_vida_tend3	2.51553745288598e-05	7.80284339701127e-05	7.29045159140143e-05
mtarjeta_master_descuentos	2.47526168248578e-05	0.000719044600898786	0.000109356773871022
ccheques_depositados_rechazados_ratioavg3	2.44088160108839e-05	3.33605764233081e-05	7.81119813364439e-05
tcallcenter_min3	2.41879562051019e-05	1.69135398731126e-05	5.72821196467255e-05
cprestamos_prendarios_min3	2.41228564580752e-05	6.43079268833512e-05	7.29045159140143e-05
Master_cadelantosefectivo_max3	2.35772554178298e-05	4.48253311843502e-05	6.76970504915847e-05
cinversion1_tend3	2.3513789249463e-05	6.88306913930068e-05	6.76970504915847e-05
mforex_buy	2.26829274130184e-05	0.000104362119167303	5.72821196467255e-05
Visa_madelantopesos_avg3	2.20754324249309e-05	6.6415328522343e-05	7.29045159140143e-05
mcheques_depositados_min3	2.18401380633825e-05	2.60440520559009e-05	6.76970504915847e-05
ctarjeta_visa_descuentos	2.10989672979696e-05	3.974327225742e-05	5.72821196467255e-05
Master_madelantopesos_avg3	2.07277401963048e-05	3.62864135960575e-05	5.2074654224296e-05
mprestamos_hipotecarios_min3	2.05428637781464e-05	0.000208517204883157	6.24895850691551e-05
minversion1_dolares_avg3	2.03110321212055e-05	7.76003949803748e-05	7.29045159140143e-05
mtarjeta_master_descuentos_tend3	2.0180094877266e-05	3.74339328692373e-05	6.76970504915847e-05
ctarjeta_master_debitos_automaticos	1.98742029345503e-05	4.55010870548619e-05	6.24895850691551e-05
cliente_vip_ratioavg3	1.9500732593985e-05	2.63856284847317e-05	7.29045159140143e-05
cforex	1.92824540414459e-05	1.58566747868915e-05	6.24895850691551e-05
tcuentas_min3	1.89049190330295e-05	0.000158888763376172	5.72821196467255e-05
cprestamos_hipotecarios_ratioavg3	1.85910255538041e-05	2.37118641962999e-05	4.68671888018664e-05
mtarjeta_master_descuentos_ratioavg3	1.85566013889465e-05	8.80923637424657e-06	5.72821196467255e-05
cseguro_auto_avg3	1.80662568711908e-05	2.7242857106653e-05	6.24895850691551e-05
Visa_madelantodolares_max3	1.69692766696933e-05	2.14547968506428e-05	3.12447925345776e-05
ctarjeta_master_descuentos	1.674540080296e-05	0.000466020710599946	6.76970504915847e-05
cprestamos_hipotecarios_min3	1.63793271311337e-05	1.35064054031464e-05	4.16597233794368e-05
mpayroll2_ratioavg3	1.605489094463e-05	0.000838823191928819	7.29045159140143e-05
ccheques_depositados_rechazados_max3	1.58506109783381e-05	4.32397458944072e-05	5.2074654224296e-05
cseguro_auto	1.57767363644587e-05	9.86782742413597e-06	3.64522579570072e-05
mpayroll2_tend3	1.49701711877438e-05	0.0001738943736971	4.16597233794368e-05
cinversion1_min3	1.43184363306561e-05	0.000315609387629977	6.24895850691551e-05
cprestamos_prendarios_tend3	1.41361147345438e-05	1.25033739456269e-05	3.12447925345776e-05
Master_cadelantosefectivo_ratioavg3	1.37914586099491e-05	0.000128329754741496	5.72821196467255e-05
mpayroll2_max3	1.3008007514751e-05	0.000607746820013547	6.24895850691551e-05
mcheques_depositados_rechazados_avg3	1.25307448418734e-05	4.369852347519e-05	4.68671888018664e-05
cpayroll2_trx_avg3	1.23712329328367e-05	0.000788143556359094	6.76970504915847e-05
mtarjeta_master_descuentos_min3	1.22646961128579e-05	5.91524734061453e-05	3.12447925345776e-05
cseguro_auto_min3	1.21549445622735e-05	1.2902235930496e-05	4.68671888018664e-05
minversion1_dolares	1.157881214963e-05	9.82361809760372e-05	5.72821196467255e-05
cseguro_auto_tend3	1.15582218843325e-05	1.74046176311164e-05	4.68671888018664e-05
ccajeros_propios_descuentos	1.15298029745016e-05	9.44159658681249e-06	4.16597233794368e-05
Master_madelantodolares_avg3	1.15035019732263e-05	1.09188571093833e-05	3.12447925345776e-05
Visa_madelantodolares_eficiencia3	1.11213530508821e-05	3.31348861264916e-05	3.12447925345776e-05
mplazo_fijo_pesos_ratioavg3	1.09651430082643e-05	1.38375438612212e-05	3.64522579570072e-05
mplazo_fijo_pesos_max3	1.09566132834998e-05	5.44871114219899e-05	4.16597233794368e-05
mplazo_fijo_pesos_min3	1.08933683674856e-05	0.000235312708644736	4.16597233794368e-05
Master_madelantopesos_min3	1.06968429076726e-05	2.75382434601703e-05	2.08298616897184e-05
Master_madelantodolares_tend3	1.06429891265507e-05	3.18974523650681e-07	2.6037327112148e-05
mpayroll2_eficiencia3	1.05559144535398e-05	9.67981244853605e-05	3.64522579570072e-05
Master_cadelantosefectivo_tend3	1.0529935128642e-05	1.42199680968684e-05	2.08298616897184e-05
Visa_madelantodolares_avg3	1.03071662498036e-05	1.94048451451815e-05	4.16597233794368e-05
cforex_buy_min3	1.01176379410255e-05	8.31869284309247e-05	4.16597233794368e-05
ccajas_extracciones_min3	9.56435798461923e-06	3.50965671186314e-05	2.6037327112148e-05
cforex_min3	9.32181326988507e-06	6.10026242698146e-05	3.12447925345776e-05
cliente_vip_max3	9.30199335779036e-06	8.43790761932419e-06	3.12447925345776e-05
cliente_vip_min3	9.04197166775495e-06	1.29655212650002e-05	3.12447925345776e-05
mplazo_fijo_pesos	8.92644214139019e-06	4.82091240504214e-05	3.64522579570072e-05
cpayroll2_trx_ratioavg3	8.92019348699162e-06	0.000492004764871187	3.64522579570072e-05
mforex_buy_min3	8.78981347657821e-06	8.35170806240462e-05	2.6037327112148e-05
Master_cadelantosefectivo_min3	7.79928963965851e-06	3.51155527189827e-05	2.6037327112148e-05
cpagodeservicios_min3	7.34998899449736e-06	0.000249675027649866	3.64522579570072e-05
mcajeros_propios_descuentos_min3	7.17090634548545e-06	0.000258226026983837	3.64522579570072e-05
mplazo_fijo_pesos_tend3	7.165967596507e-06	1.85717800146164e-05	3.12447925345776e-05
ccuenta_corriente_eficiencia3	6.13992763776261e-06	4.87297075682785e-07	2.6037327112148e-05
Master_madelantodolares_min3	5.90318428025205e-06	1.06847835604637e-05	2.08298616897184e-05
ccuenta_corriente_avg3	5.38722452007184e-06	5.19243841295519e-06	1.56223962672888e-05
cliente_vip_eficiencia3	5.21059180337081e-06	2.69184581257591e-06	2.08298616897184e-05
ccuenta_corriente	4.86875074645138e-06	4.05765839542235e-06	1.56223962672888e-05
Master_status_min3	4.70011898535451e-06	3.51176074376354e-06	1.56223962672888e-05
ccheques_depositados_rechazados_tend3	3.90397038682815e-06	7.77982232922602e-06	1.56223962672888e-05
ctarjeta_master_descuentos_min3	3.08349840692268e-06	2.31821577276246e-06	1.04149308448592e-05
mpayroll2_avg3	2.76148256285994e-06	0.000190878267136882	1.56223962672888e-05
ccuenta_corriente_max3	2.71634628418031e-06	1.35529242334443e-07	5.2074654224296e-06
cliente_antiguedad_tend3	2.59251540149502e-06	0.000238171315423168	2.08298616897184e-05
ccuenta_corriente_min3	2.50669178092367e-06	2.45604629998797e-06	1.04149308448592e-05
cprestamos_hipotecarios_tend3	2.45385197021597e-06	2.2356982716686e-06	5.2074654224296e-06
Master_madelantodolares_max3	2.17976016995324e-06	1.66185644633259e-07	5.2074654224296e-06
ccajeros_propios_descuentos_min3	2.08702076141269e-06	8.60649317534384e-05	1.04149308448592e-05
cpayroll2_trx_max3	1.52325426402113e-06	7.43671718971761e-05	5.2074654224296e-06
cliente_vip_avg3	1.32796693150201e-06	3.56740252487962e-06	5.2074654224296e-06
