Feature	Gain	Cover	Frequency
ctrx_quarter_normalizado	0.163530413696704	0.0219597677840144	0.00242028532119659
ctrx_quarter	0.0820817819809947	0.0143043935972038	0.00267425549736107
mcaja_ahorro	0.0546091110999341	0.0184341666305826	0.00384823684148561
mcuenta_corriente	0.023551924818729	0.00612414420636761	0.00562939191802986
Visa_status	0.0191399336616809	0.00633894203059676	0.00120593785635716
foto_mes	0.0188783521767687	0.0222839490802476	0.0154837711375509
cpayroll_trx	0.0155254131845268	0.0224647689620805	0.00136067465243088
cdescubierto_preacordado	0.0151462680366149	0.00201025247520564	0.00145990803252164
mcuentas_saldo	0.0140263139758363	0.0202047070420216	0.0061272407401801
ctarjeta_visa_ratioavg3	0.0118093064330333	0.00529733762083088	0.000248924411075118
cproductos_ratioavg3	0.0102920365840822	0.0158182254101788	0.00448904900783439
Visa_Finiciomora	0.0102474028535279	0.01353886487472	0.00297868332441915
mtarjeta_visa_consumo	0.00928090431818467	0.00863840364314656	0.00212594902431722
ctrx_quarter_normalizado_min3	0.00921433691762802	0.00188274130517512	0.00119752824787489
mpayroll_sobre_edad	0.00883622046417015	0.014059818093817	0.00155577756921949
mpayroll	0.00836845183504953	0.0154829600433267	0.0015625052560053
Visa_msaldototal	0.00775939894700833	0.00589677694257921	0.00243542261646467
mcuentas_saldo_avg3	0.00697027946125666	0.000840661746887625	0.00215285977146048
ctarjeta_visa_transacciones_ratioavg3	0.00641285570068476	0.0149948817380523	0.00348998752014101
ctarjeta_visa_transacciones	0.00593737896921089	0.00705376995042781	0.00187702461324211
cdescubierto_preacordado_tend3	0.00578104504732216	0.00855522261709944	0.00155745949091594
Visa_mpagospesos	0.0054111338237241	0.00242939397926103	0.00223695585628315
mactivos_margen	0.00513623793511312	0.00923556792278864	0.00620797298160987
cproductos	0.0047247219550139	0.0134281778500662	0.00375909499157357
Visa_msaldopesos	0.00454209274634778	0.00842922626615605	0.00232441578449874
mactivos_margen_avg3	0.00432139805466153	0.0054970523660517	0.00509454081855765
Visa_mpagominimo	0.00420537244222687	0.0173618194830038	0.00341598296549706
cdescubierto_preacordado_ratioavg3	0.00406371787041514	0.00304039537016406	0.000772002058672157
ctarjeta_visa	0.00364339384153522	0.0047601089206297	0.000748455154921807
mrentabilidad_annual_max3	0.00351930423204168	0.00433446931111595	0.00491289327534067
mpasivos_margen_max3	0.0034184533036045	0.00174580689203274	0.00328647499487014
ccomisiones_mantenimiento_ratioavg3	0.00341257579639738	0.00824458298065489	0.00280208154629153
mactivos_margen_min3	0.00324425239119996	0.00416801043161614	0.00496839669132364
ccaja_ahorro	0.00323097232465438	0.00845064119979427	0.00353203556255235
mcuentas_saldo_min3	0.00317756834625359	0.000906249708341696	0.00286767649245322
ctrx_quarter_ratioavg3	0.00312968792514981	0.00362232566619967	0.00386169221505724
mcuentas_saldo_ratioavg3	0.00304335661506645	0.00439445319464371	0.00525264145802428
mcaja_ahorro_min3	0.00302351731251408	0.00391341910139522	0.00289963300468583
mcuenta_corriente_tend3	0.00298527045295191	0.00468790103387945	0.00416948388550823
mcaja_ahorro_ratioavg3	0.00291869177352865	0.0020651452833635	0.00414761890345433
ccomisiones_mantenimiento_tend3	0.0029158439991823	0.0044559828089511	0.00155409564752303
mactivos_margen_max3	0.00264060557339244	0.00346035007827182	0.00444195520033369
ctrx_quarter_normalizado_ratioavg3	0.00262156463854803	0.003181279464527	0.00320910659683328
cdescubierto_preacordado_min3	0.00261054972025232	0.00019983196118955	0.000321247044022619
cdescubierto_preacordado_eficiencia3	0.00253717149095028	0.00205876680542435	0.00146327187591454
mactivos_margen_eficiencia3	0.00245069660692316	0.00158647092879716	0.00489607405837614
mcaja_ahorro_max3	0.00243412162090347	0.00244477017126847	0.00299550254138368
ctrx_quarter_min3	0.00241363195832842	0.00100856382973307	0.00144981650234292
mcuentas_saldo_tend3	0.00240581270669047	0.00596072468432126	0.00415434659024015
cliente_edad	0.00239609188633134	0.00529314722302616	0.0059355016667844
Master_fechaalta	0.00227640152256699	0.00195859348316257	0.00339748182683607
mpasivos_margen	0.00218946041048152	0.00171538832506597	0.00267425549736107
Visa_delinquency	0.00216651605412368	0.00233775966493555	0.000430571954292096
cproductos_tend3	0.00215708281958003	0.00590947119814506	0.00124294013367914
mcomisiones_mantenimiento	0.00212536704459877	0.00744800978423907	0.00318555969308293
mcaja_ahorro_dolares_ratioavg3	0.00212449084121779	0.00293545156259148	0.00395419790836218
numero_de_cliente	0.00211149402505972	0.00220065892788742	0.00550997547758167
Master_Finiciomora	0.00206718660356621	0.0104638104818427	0.00212426710262077
mcuenta_corriente_eficiencia3	0.00206482250151255	0.000996479696438352	0.00488598252819742
internet_eficiencia3	0.00203605101154464	0.00273722810557129	0.00369350004541189
mcuenta_corriente_ratioavg3	0.00196486816361742	0.000732444076846852	0.00407866011389974
mrentabilidad_annual_avg3	0.00192665240672787	0.00151074093603397	0.00336552531460345
mcuenta_corriente_max3	0.00190481156513699	0.00129048840385363	0.00328142922978078
cliente_edad_min3	0.00187670965061658	0.00269584809167362	0.00431412915140323
internet_avg3	0.00180275650556899	0.0028739923217117	0.00185684155288466
ctrx_quarter_eficiencia3	0.00177024125584413	0.00115395343116328	0.00389869449237921
Visa_fechaalta	0.00176627889175422	0.00291333742546898	0.00332179535049566
ccomisiones_mantenimiento_eficiencia3	0.00174053437072855	0.00207939995824371	0.00254811137012705
mcomisiones_mantenimiento_eficiencia3	0.00171444760705354	0.00163196848244417	0.0030997816865638
Visa_mfinanciacion_limite	0.00167634751327797	0.00335646304134997	0.00331506766370985
mcomisiones_mantenimiento_ratioavg3	0.00166436232751657	0.00231584203263843	0.00236309998351717
mactivos_margen_tend3	0.00165980627924817	0.00149289590095454	0.00350176097201619
kmes_eficiencia3	0.00165734083921859	0.00275601715304725	0.00292822567352554
mpasivos_margen_avg3	0.00165064663534508	0.000945166725350347	0.00218986204878246
mcaja_ahorro_dolares_eficiencia3	0.00162561337189392	0.00284069538655526	0.00376414075666293
mactivos_margen_ratioavg3	0.00162364823825405	0.00154531518909402	0.00385496452827142
mcuentas_saldo_eficiencia3	0.00159968012443873	0.000803507865588129	0.00393737869139764
ccaja_seguridad	0.00155675872552111	0.00970859756845696	0.00127994241100111
mcaja_ahorro_eficiencia3	0.00154363210483714	0.000564968399972434	0.00361613164737503
mcuenta_corriente_avg3	0.00152413872724842	0.001118428369519	0.00286263072736386
chomebanking_transacciones_eficiencia3	0.0015165866795897	0.000502732712915763	0.00355221862290979
mrentabilidad_annual	0.00150906932467311	0.000903983800896353	0.00310650937334961
mcuenta_corriente_min3	0.00150709768372149	0.00123018108025255	0.00301904944513403
mttarjeta_visa_debitos_automaticos_ratioavg3	0.00149623378876474	0.00121417956589824	0.00273144083504048
mcaja_ahorro_avg3	0.00147658818497409	0.00119245960766309	0.0023799192004817
Master_fultimo_cierre_eficiencia3	0.00146686230957174	0.00251090153543043	0.00305100595736665
mpagomiscuentas	0.00146264253979296	0.0113911915839481	0.00142626959859257
Master_mfinanciacion_limite	0.00144972745469366	0.000774741137622053	0.00304764211397374
Visa_fultimo_cierre_eficiencia3	0.00143621931515509	0.00370164755378511	0.0031939693015652
mcuenta_debitos_automaticos	0.00141873614056986	0.00745201259264744	0.00213940439788885
cliente_edad_max3	0.00140949652955515	0.00269081043580069	0.0032696557779056
mcaja_ahorro_dolares_tend3	0.00139142523106686	0.00245489517556966	0.00260361478611002
internet_max3	0.00138043427071879	0.0031483624581869	0.00124966782046495
mrentabilidad	0.00138001603592235	0.00111687423485134	0.00267425549736107
Visa_Fvencimiento	0.00137097657385666	0.000780353327127242	0.00328647499487014
Visa_Fvencimiento_eficiencia3	0.00136910331771571	0.00068822669111765	0.00340757335701479
mttarjeta_visa_debitos_automaticos_eficiencia3	0.00136140689096792	0.000882651079206273	0.00308632631299217
mrentabilidad_annual_eficiencia3	0.00136117475734333	0.000716220626771199	0.00335375186272828
mpayroll_sobre_edad_ratioavg3	0.00135671632360616	0.00626667341662082	0.00101083493956855
mtransferencias_emitidas_eficiencia3	0.00135530824414411	0.00236411681550958	0.0026658458888788
Visa_status_tend3	0.00133933222827139	0.000723205573117126	0.000181647543216978
Master_Fvencimiento	0.00132280423863533	0.000536383415219716	0.00295681834236525
mpayroll_ratioavg3	0.00131926279836042	0.00436552737742332	0.00131694468832309
Visa_mpagominimo_avg3	0.00129913468661335	0.00142027505445412	0.00239169265235688
mrentabilidad_max3	0.00129597959604534	0.000675753567422974	0.00281890076325607
ctrx_quarter_tend3	0.00129079218153314	0.00119843221434893	0.00251279101450153
mtransferencias_recibidas	0.00127747291446532	0.00408982811124787	0.0021124936507456
mpasivos_margen_eficiencia3	0.00127039976793596	0.000439826907135134	0.00324274503076235
Visa_mpagominimo_max3	0.00126911429858948	0.00351730958519002	0.00228909542887321
cpayroll_trx_ratioavg3	0.00126494312589243	0.00198711905608076	0.000726590172867912
cliente_antiguedad_eficiencia3	0.00126258347151881	0.00102401974906088	0.00306446133093828
thomebanking_eficiencia3	0.00126111725104308	0.000863386225513124	0.00279199001611281
Visa_mpagospesos_tend3	0.00126039420658987	0.00261360983570915	0.00258511364744903
mrentabilidad_annual_min3	0.00125926671490557	0.0012198777673705	0.00268098318414688
mttarjeta_visa_debitos_automaticos_tend3	0.00124499565844525	0.00186957599341574	0.00244551414664339
mrentabilidad_annual_ratioavg3	0.00123485732028168	0.00076819823578662	0.0029551364206688
cliente_antiguedad	0.00122671149676738	0.00410075192337584	0.00293158951691845
mcomisiones_mantenimiento_tend3	0.00121105763132359	0.00223148701997187	0.00192748226413571
Visa_fechaalta_eficiencia3	0.00120589470082071	0.000694576449682917	0.00265239051530717
ctransferencias_recibidas_eficiencia3	0.0012046541242963	0.00035755035867215	0.00284581151039932
chomebanking_transacciones	0.00118813045477932	0.00117787060419377	0.00257670403896676
mtransferencias_recibidas_eficiencia3	0.00118008551432053	0.000367237264636359	0.00281721884155961
Visa_mpagominimo_eficiencia3	0.00117152857689049	0.000501209051476882	0.00278358040763054
mpayroll_tend3	0.0011620924189967	0.00368868700458457	0.00159109792484501
Visa_status_max3	0.00115984874321355	0.000326093801917473	0.000529805334382853
mrentabilidad_eficiencia3	0.0011538615819021	0.000345205266384713	0.00287944994432839
mrentabilidad_min3	0.00115194607867382	0.000955477126729258	0.00262043400307455
Master_Fvencimiento_eficiencia3	0.00114455646195622	0.000520564447928917	0.00291645222165037
cliente_edad_avg3	0.00114353362297284	0.00229906085670659	0.00276171542557665
mcomisiones_eficiencia3	0.00114019780925051	0.000337387531273439	0.00276171542557665
mcuentas_saldo_max3	0.00112574091901475	0.00072014407324564	0.00258511364744903
cmobile_app_trx_eficiencia3	0.00112349561070198	0.000772316798617982	0.00264734475021781
mtarjeta_visa_consumo_ratioavg3	0.00111998613744456	0.00309742992745625	0.00190729920377827
chomebanking_transacciones_max3	0.00110586451208217	0.000741537668315988	0.00260697862950292
internet_ratioavg3	0.00109845125162093	0.00147107948070024	0.00167855785306059
ccaja_ahorro_eficiencia3	0.00108797746842079	0.00192318885288765	0.00129676162796565
Visa_cconsumos_ratioavg3	0.00108667526004685	0.00110226754667851	0.00200653258386903
mcaja_ahorro_tend3	0.00107986645702655	0.000787241592222155	0.00244046838155403
Visa_mpagospesos_eficiencia3	0.00106349738993557	0.000689873926249248	0.00261538823798519
mcaja_ahorro_dolares	0.00106176699548391	0.00195582429244003	0.00229245927226612
chomebanking_transacciones_ratioavg3	0.00106128876514583	0.000321408963187315	0.00255147521351996
Visa_msaldopesos_ratioavg3	0.00105809788817085	0.00161434823310028	0.00200485066217257
cproductos_min3	0.00105730404325824	0.00108516146912762	0.00130853507984082
Visa_mpagominimo_tend3	0.00104948586915405	0.00250412259395722	0.00176433585957972
mrentabilidad_annual_tend3	0.00104677501410642	0.000681075055479537	0.00249092603244763
ccomisiones_otras_eficiencia3	0.00104438217319266	0.000355848096343263	0.00265743628039653
Visa_fechaalta_ratioavg3	0.00103185634525423	0.00095163954606732	0.00246233336360792
Visa_mpagospesos_ratioavg3	0.00103108359777993	0.00132932496276903	0.00217808859690728
mpasivos_margen_ratioavg3	0.00102888423210256	0.000412747826040498	0.00259520517762775
chomebanking_transacciones_tend3	0.00101706768407405	0.00207398149662699	0.00249428987584054
ctarjeta_visa_debitos_automaticos_eficiencia3	0.00101379140351426	0.00058522842016317	0.0021848162836931
Visa_mconsumospesos	0.00100819388729306	0.00122453176748545	0.0019964410536903
mtarjeta_master_consumo	0.00100805438511996	0.00611515986544289	0.00142626959859257
cproductos_avg3	0.00100734149456558	0.000893036019418165	0.00177779123315135
cproductos_eficiencia3	0.000997076985268574	0.000560688628645428	0.00158100639466629
mcomisiones_mantenimiento_max3	0.000992857765062937	0.00232377376831779	0.00173742511243647
chomebanking_transacciones_avg3	0.000989940475948646	0.000633175159091913	0.00216463322333565
ctrx_quarter_normalizado_eficiencia3	0.000985211656040648	0.000707455152321755	0.00246233336360792
Visa_mpagado_eficiencia3	0.000981506893816455	0.00110683736175856	0.00215622361485339
Visa_fultimo_cierre_min3	0.000979865610987532	0.000672225103686047	0.00171219628698966
Master_fechaalta_ratioavg3	0.000978683254977268	0.00149791828367444	0.00227564005530159
Visa_cconsumos_eficiencia3	0.000977187523697982	0.000367973810614416	0.0022823677420874
mrentabilidad_tend3	0.000976851229958215	0.00063642410220516	0.00224200162137252
Visa_mpagominimo_ratioavg3	0.000975170572806236	0.00109562686743276	0.00228573158548031
Visa_fultimo_cierre_avg3	0.000970866738323662	0.000681131690377145	0.00199475913199385
ctarjeta_visa_transacciones_eficiencia3	0.000964816686721809	0.000464758758298899	0.00232777962789164
mpayroll_sobre_edad_eficiencia3	0.000963650761388384	0.00989313752267398	0.00132199045341245
ctransferencias_emitidas_eficiencia3	0.000958603269064656	0.000396948881926402	0.00210408404226333
mcomisiones	0.000949327200890833	0.000533797502333565	0.00185684155288466
mrentabilidad_avg3	0.000947698594558831	0.000475901802288583	0.00198130375842222
mpayroll_sobre_edad_tend3	0.000944439479815373	0.00258638854621355	0.00133040006189472
mcuenta_debitos_automaticos_eficiencia3	0.000942635819548109	0.000767199780811108	0.00241692147780368
Master_fechaalta_eficiencia3	0.000941629072488542	0.000613139193863844	0.00237150959199943
Visa_Finiciomora_max3	0.000934305554563846	0.00184225714574168	0.000630720636170063
mtarjeta_visa_consumo_avg3	0.000933982344611612	0.000520260227182152	0.000935148463228146
Master_fechaalta_min3	0.00092603580055282	0.00036804272249628	0.0018484319444024
Visa_Fvencimiento_max3	0.000923712629982031	0.000421581043135211	0.00226386660342641
mcomisiones_max3	0.000922369504807666	0.000477293486146715	0.0019964410536903
Visa_msaldototal_ratioavg3	0.000914034512609479	0.00184417608222722	0.00192748226413571
Visa_mpagominimo_min3	0.000910533922633381	0.00208201546743119	0.00211922133753141
Visa_fechaalta_min3	0.000907127585146939	0.000419792695761959	0.00183834041422368
ccomisiones_otras_avg3	0.000892844667338638	0.000584566778404531	0.00220836318744345
ctarjeta_debito_transacciones_eficiencia3	0.000886795833282196	0.000312383991290894	0.00217304283181792
cliente_antiguedad_min3	0.000881694016691436	0.0039729420133951	0.00216799706672856
mcomisiones_otras_min3	0.000880276401147643	0.000424773643659999	0.00123957629028623
Master_fultimo_cierre_min3	0.000878362694089556	0.000698247706439104	0.00157427870788048
cliente_edad_eficiencia3	0.000878138860912543	0.000334201946168225	0.00223022816949734
Visa_Fvencimiento_ratioavg3	0.000866260556331725	0.000423081319842176	0.00222181856101507
mrentabilidad_ratioavg3	0.000863191361190356	0.000474772904355354	0.00217304283181792
Visa_cconsumos_max3	0.000861517442627764	0.000989404207333539	0.00214108631958531
Visa_mconsumospesos_eficiencia3	0.000859241064589744	0.000274302613061793	0.00215454169315693
ctarjeta_visa_debitos_automaticos_ratioavg3	0.000853789945410809	0.000685757336504641	0.00157932447296984
mpasivos_margen_min3	0.000851801626021241	0.000777547305451935	0.00183834041422368
ccuenta_debitos_automaticos_ratioavg3	0.000850827203134176	0.00188666818628206	0.00168528553984641
cliente_antiguedad_ratioavg3	0.000848599133697503	0.00134066896929862	0.002043534861191
ccallcenter_transacciones_eficiencia3	0.000847263925230718	0.000418876891198311	0.00170210475681094
ccaja_ahorro_max3	0.000842146703305732	0.00179595588808964	0.00113361522340966
Visa_mfinanciacion_limite_min3	0.000841185287563914	0.000593884424836334	0.00198466760181513
Visa_mconsumosdolares_eficiencia3	0.00083714816889914	0.000380074824762483	0.0019964410536903
mtransferencias_recibidas_ratioavg3	0.000831641334283134	0.000277667822139034	0.00193084610752862
cproductos_max3	0.000829036801700684	0.000718201971260042	0.00161800867198827
Master_Fvencimiento_min3	0.000827846341341384	0.000508593219042982	0.00204521678288746
Master_Fvencimiento_max3	0.000824549438760384	0.000421152298690994	0.00198298568011868
ccallcenter_transacciones_tend3	0.000820338810360462	0.00204815422946271	0.00169537707002513
Visa_Fvencimiento_min3	0.00081495356615547	0.000518794735263911	0.00210408404226333
Visa_fultimo_cierre	0.000813063238948811	0.000409806465229229	0.00166173863609606
mautoservicio_eficiencia3	0.000811848649405581	0.000287066730514244	0.00207044560833426
Master_fultimo_cierre_avg3	0.000808339161015474	0.000670557114604874	0.00185852347458112
mpasivos_margen_tend3	0.000803418059552645	0.000651245199138745	0.0017290155039542
mcuenta_debitos_automaticos_ratioavg3	0.000798004848939981	0.00101517586268223	0.00186525116136693
internet	0.00079608971743168	0.00158547568922229	0.00106633835555152
Visa_cconsumos_tend3	0.000794709685522191	0.00108056666161533	0.00186020539627757
mtarjeta_visa_consumo_eficiencia3	0.000782288364204296	0.000360000713190477	0.00195943877636833
thomebanking_ratioavg3	0.000780042784325299	0.00147990085927442	0.00145318034573582
Master_Fvencimiento_ratioavg3	0.000777620624086453	0.000304716795391328	0.00205867215645908
ctrx_quarter_normalizado_tend3	0.000777172554670356	0.00108064792355874	0.00169369514832867
Visa_msaldototal_eficiencia3	0.000776268792935797	0.000607246972193965	0.00201326027065484
kmes	0.000772714023441851	0.000296015044336354	0.00145318034573582
cdescubierto_preacordado_avg3	0.000771094858245205	0.000210143897191493	0.000492803057060876
mpayroll_eficiencia3	0.000770880730154486	0.00458652383638773	0.00141113230332449
tcallcenter_eficiencia3	0.000768530554816468	0.000406923712402324	0.00160623522011309
mcomisiones_min3	0.000764849849910605	0.000353284398952432	0.00159782561163083
cmobile_app_trx_tend3	0.00076235100010922	0.000367891744820849	0.00179797429350879
Visa_mconsumospesos_ratioavg3	0.000761343925905534	0.0002817228077305	0.00173910703413292
cmobile_app_trx_ratioavg3	0.000761140539304487	0.000418255515024939	0.0017761093114549
Visa_msaldopesos_eficiencia3	0.000760292795093104	0.000445428938897397	0.0018484319444024
Master_mpagominimo	0.000757794186279338	0.00252978163720628	0.00141954191180675
Master_mfinanciacion_limite_min3	0.00075732960535473	0.000418756898292669	0.00187534269154565
Master_fultimo_cierre	0.000756813106163124	0.000270255227508199	0.00174247087752583
chomebanking_transacciones_min3	0.000756446372633088	0.000473856880559844	0.00166678440118542
Visa_fultimo_cierre_max3	0.000756193026929784	0.000644189513978773	0.00130517123644792
cmobile_app_trx_min3	0.000747935304250125	0.00146548256434809	0.00151709337020106
mpayroll_max3	0.000746527546587782	0.00207153282288627	0.00147168148439681
Visa_mpagospesos_max3	0.000745910330721961	0.000617129871442542	0.00186356923967048
mtransferencias_recibidas_min3	0.000745374696956765	0.00448715597198588	0.00162978212386344
Master_msaldototal	0.000744183983198298	0.00131196435702669	0.0012513497421614
ccomisiones_otras_max3	0.000737808008683508	0.000773346603749719	0.00179629237181234
ccallcenter_transacciones_ratioavg3	0.000734224564599346	0.00146057681297861	0.00132703621850181
mtransferencias_recibidas_max3	0.000733806273363641	0.000421981141282831	0.00161632675029181
mcomisiones_ratioavg3	0.000732689997900918	0.00021967748700708	0.00181311158877687
ctrx_quarter_max3	0.00072381874922631	0.000458600900689915	0.00167014824457833
mcaja_ahorro_dolares_max3	0.000722626447807735	0.000510913276758167	0.00166342055779251
Visa_Fvencimiento_avg3	0.000721323366905923	0.00039159355908585	0.00187029692645629
ctarjeta_master_transacciones_ratioavg3	0.00072063251189924	0.00688947839711286	0.00117398134412454
ccomisiones_otras_ratioavg3	0.000702535953953974	0.00036413352609285	0.00187029692645629
Visa_mpagospesos_min3	0.000699855169580321	0.00026210177533936	0.00168360361814995
Visa_cconsumos_avg3	0.000699551600921704	0.000606129693549406	0.00164660134082798
ccuenta_debitos_automaticos_eficiencia3	0.000698411068811981	0.000511857069922826	0.00174247087752583
mcaja_ahorro_dolares_min3	0.000695599014390564	0.000594636901663008	0.00173742511243647
tmobile_app_eficiencia3	0.000693632730901079	0.000714804242789981	0.001754244329401
mtransferencias_emitidas_max3	0.00069061793179446	0.00111361929940054	0.00160118945502373
mtransferencias_recibidas_avg3	0.000689853743119767	0.000558392028739447	0.00150195607493298
cmobile_app_trx	0.000687746657768475	0.000873150666479091	0.00161632675029181
ctarjeta_visa_transacciones_tend3	0.000684278726274023	0.000672996361375541	0.00154736796073722
ctransferencias_emitidas_max3	0.000683424238461649	0.00494007387127927	0.00158605215975565
mcomisiones_mantenimiento_avg3	0.000681926836165205	0.00106520260043758	0.00165332902761379
cpagomiscuentas_eficiencia3	0.000680697542951294	0.000456593832995965	0.00177106354636554
Master_Fvencimiento_avg3	0.000678449924837775	0.000334196757680831	0.00166342055779251
active_quarter_eficiencia3	0.000678189088804662	0.000496496735686724	0.00150700184002234
mcomisiones_otras_max3	0.000675697525286461	0.000422041210812939	0.00142458767689611
Master_mlimitecompra	0.000675624615823222	0.000456403174353565	0.001609599063506
cmobile_app_trx_max3	0.000674488127215595	0.000471749331595943	0.00158941600314856
Visa_delinquency_eficiencia3	0.000673084352955268	0.000492686851316648	0.00110838639796286
mcomisiones_avg3	0.000670850105347775	0.000316791428638702	0.00160623522011309
Visa_cconsumos	0.000668634170176093	0.000465499908146052	0.00152550297868332
mtarjeta_visa_consumo_max3	0.000667634973879218	0.000386289024959926	0.00100410725278274
Master_msaldopesos	0.000665866879175606	0.0014773548465871	0.00115716212716001
ccaja_ahorro_ratioavg3	0.000660208898260185	0.0104870284513889	0.00121771130823233
Master_status	0.000659745096404895	0.00186383635712161	0.000666040991795586
ccajas_transacciones_eficiencia3	0.000655528947058878	0.000629003615227304	0.00168360361814995
Visa_mconsumospesos_min3	0.000655019125221138	0.000274205566424343	0.00159109792484501
mcomisiones_mantenimiento_min3	0.000654335704065849	0.000741348690451194	0.00154568603904077
ctransferencias_recibidas_ratioavg3	0.000653542880463078	0.000228759386110259	0.00160791714180955
mcomisiones_otras_eficiencia3	0.000645842505590253	0.000307466182169027	0.0015154114485046
Visa_mconsumospesos_max3	0.000645542181239697	0.000713289862166579	0.00169201322663222
cextraccion_autoservicio_eficiencia3	0.000645123199009678	0.000310335634929655	0.0015843702380592
mautoservicio_ratioavg3	0.000642551962674485	0.000671682212519167	0.00140776845993158
mextraccion_autoservicio_eficiencia3	0.000640501146424915	0.000600818290158482	0.00153054874377269
mttarjeta_visa_debitos_automaticos_max3	0.000636466852346467	0.000377199745050737	0.00150531991832588
Visa_delinquency_avg3	0.000635665918208463	0.000827711720816444	0.000383478146791398
mpagomiscuentas_eficiencia3	0.000633145923319394	0.000252791144327132	0.00169033130493577
ctarjeta_debito_transacciones_ratioavg3	0.000631568556182211	0.00106584904212048	0.00149691030984362
catm_trx_eficiencia3	0.000630531529899431	0.000446536205953605	0.00156755102109466
mplazo_fijo_dolares_ratioavg3	0.000629215368440221	0.00383562591758148	0.00112520561492739
ccajas_consultas_eficiencia3	0.000628336444307056	0.0006273718724806	0.00162305443707763
mpayroll_sobre_edad_max3	0.00062249835000842	0.00112058093409184	0.00097551458394303
mtransferencias_emitidas_ratioavg3	0.000616841428303083	0.000334627986752814	0.00140776845993158
ccallcenter_transacciones_max3	0.000616807614842755	0.000535706500308044	0.00125303166385786
mcomisiones_otras	0.000613353258664442	0.000474109362587246	0.00126144127234013
ctarjeta_debito_eficiencia3	0.000607480551711443	0.00694091231111124	0.0013707661826096
ctarjeta_visa_debitos_automaticos_avg3	0.000606181114225296	0.000442046264348507	0.00140272269484222
mcomisiones_tend3	0.000598779666934087	0.000328747092062456	0.00137749386939542
Visa_mconsumospesos_tend3	0.000594894044793627	0.000347771302248735	0.00151709337020106
mautoservicio	0.000592376736417311	0.00464682896767019	0.00117734518751745
Visa_msaldototal_min3	0.000591305557235996	0.000574468374235893	0.00127657856760821
ccaja_ahorro_tend3	0.00058965843915909	0.00244205242695614	0.000703043269117563
mtarjeta_visa_consumo_tend3	0.000587501893418751	0.000882584505797601	0.00108988525930187
mcuenta_debitos_automaticos_min3	0.000587211493666608	0.00119327938867131	0.00140608653823513
mcuenta_debitos_automaticos_tend3	0.000582296188435651	0.000564721033355139	0.00149859223154007
Visa_mlimitecompra	0.000581303564229406	0.000504966393277434	0.00148177301457553
ctransferencias_recibidas_max3	0.00058030020305568	0.00118317060752789	0.0015120476051117
cmobile_app_trx_avg3	0.000574644166779184	0.000423206428157925	0.00138422155618123
Visa_mpagospesos_avg3	0.000573739272853075	0.000331419601533982	0.00136572041752024
ccallcenter_transacciones	0.000563424792629565	0.000929573128413386	0.00124294013367914
Visa_msaldototal_max3	0.000561854823871026	0.000543092714038187	0.00127153280251885
Visa_cconsumos_min3	0.0005594802462363	0.000381002248614802	0.00135731080903797
Visa_msaldototal_tend3	0.000558161107865447	0.000536455688656793	0.00125975935064367
matm_eficiencia3	0.000557297780310054	0.000437249032750579	0.00140776845993158
Master_fultimo_cierre_max3	0.000551460365553436	0.000386256578644393	0.0012513497421614
ctransferencias_recibidas_avg3	0.000548647411823388	0.000778444621461912	0.00140272269484222
Visa_msaldopesos_min3	0.000546220338197405	0.000604256064981949	0.0012008920912678
ctarjeta_visa_transacciones_max3	0.000544744807103331	0.000327760183298327	0.00128667009778693
mttarjeta_visa_debitos_automaticos_avg3	0.000544709805853985	0.000242865641020095	0.00130517123644792
mtransferencias_emitidas	0.000540465061300757	0.000869156773499755	0.00136067465243088
Visa_fultimo_cierre_ratioavg3	0.000534024116210565	0.000190231432578854	0.00125807742894722
Visa_msaldopesos_avg3	0.000530713074762605	0.000567809206436466	0.00107306604233733
Master_fultimo_cierre_ratioavg3	0.000528808973224361	0.000323443288709405	0.00134049159207344
mttarjeta_visa_debitos_automaticos_min3	0.000524885454067808	0.000226557202059387	0.00131189892323373
ctransferencias_emitidas_ratioavg3	0.000523589909226682	0.00016655643767827	0.00116388981394582
ccomisiones_mantenimiento	0.000522761104488756	0.000977916019316237	0.000649221774831051
Master_mpagospesos	0.000519156988795916	0.000858539593669025	0.0010562468253728
mcaja_ahorro_dolares_avg3	0.000517994639573896	0.000404332391796917	0.00126816895912594
ctarjeta_debito_transacciones_tend3	0.000514018684741507	0.000576166178850258	0.00135394696564507
cpayroll_trx_eficiencia3	0.000511394143060779	0.00047271804411555	0.00121434746483943
Visa_msaldopesos_tend3	0.000508012132892767	0.000575923854565782	0.00120257401296425
ctrx_quarter_normalizado_max3	0.000506782050645063	0.000392303651085927	0.0011537982837671
ctarjeta_master_ratioavg3	0.000502627430665211	0.000559236948334475	0.000144645265895001
Visa_mconsumospesos_avg3	0.000501899106194799	0.000424463138266531	0.00126144127234013
active_quarter	0.000500174272879941	0.000370488619300086	0.000536533021168667
ccajas_otras_eficiencia3	0.000497468848510827	0.000463279308618796	0.00132703621850181
cpagomiscuentas_ratioavg3	0.00049609050907442	0.000375855853738458	0.00121434746483943
Visa_mconsumosdolares_ratioavg3	0.000493048541422957	0.000638105464429898	0.00127153280251885
ctarjeta_master_min3	0.000490423318046787	7.47533878965605e-05	0.000126144127234013
cpagomiscuentas_tend3	0.000486999362309831	0.000602387771056461	0.00128498817609047
Visa_msaldopesos_max3	0.000485582352191148	0.000547162168932526	0.00116557173564228
ccajas_depositos_eficiencia3	0.00048242042783288	0.000736556866572522	0.00133544582698408
Visa_mlimitecompra_min3	0.000482408252633275	0.000678632447153656	0.00124294013367914
mtransferencias_emitidas_avg3	0.000477946020982124	0.000761372013308571	0.00113025138001675
ccajas_consultas_ratioavg3	0.000471542261280003	0.00175142522003006	0.00107306604233733
mautoservicio_tend3	0.000471242345218463	0.000321929054240578	0.00116893557903518
ccomisiones_mantenimiento_avg3	0.000469543125990209	0.000706062591536176	0.000968786897157216
ccajas_consultas_tend3	0.000468731505176939	0.00127097223736967	0.00115211636207065
mtransferencias_recibidas_tend3	0.000467033947588664	0.000327804102747956	0.00123453052519687
Master_msaldototal_ratioavg3	0.000466401382729994	0.000639611733474417	0.000994015722604018
ccajas_consultas_max3	0.000464847302181443	0.00179924129676922	0.00121098362144652
mplazo_fijo_dolares	0.000464735580516878	0.00373522006339172	0.000936830384924599
active_quarter_avg3	0.000463999294273615	0.000189286470177599	0.000371704694916223
Master_status_max3	0.000463201456914614	0.000244989997760061	0.000358249321344595
kmes_min3	0.000462792583224493	0.000279942937322568	0.000921693089656518
ccaja_ahorro_avg3	0.000462568634310778	0.000739409803866236	0.000745091311528901
ctarjeta_visa_debitos_automaticos_max3	0.000461612351546522	0.000424052882375986	0.00108315757251605
ccuenta_debitos_automaticos_tend3	0.000458522114681778	0.00177898741507061	0.00120593785635716
Visa_Finiciomora_avg3	0.000457295496626208	0.0011750294323433	0.000595400280544539
kmes_max3	0.000455760593426058	0.000205383788855482	0.000987288035818205
Visa_fechaalta_max3	0.000455131972522608	0.000637353791453383	0.00108820333760541
ctransferencias_emitidas_tend3	0.000455072802113969	0.000495983221589313	0.00106970219894443
thomebanking	0.000454969901359759	0.00118916747587309	0.000797230884118959
mpayroll_min3	0.000451059040454762	0.00372708678055416	0.00061053757581262
Master_msaldototal_eficiencia3	0.000450727996819197	0.000317333662109997	0.00115548020546355
Master_mlimitecompra_eficiencia3	0.000450146621724497	0.000560963180013576	0.00109156718099832
mtarjeta_visa_consumo_min3	0.000449416087685392	0.000299363737946679	0.000955331523585588
catm_trx_other_eficiencia3	0.000448860830695757	0.000209043864786722	0.00111343216305222
ccajas_transacciones_ratioavg3	0.000447390790008324	0.00153092239814093	0.000909919637781343
Visa_mfinanciacion_limite_avg3	0.0004465246860054	0.000393114882051539	0.00114538867528483
Visa_fultimo_cierre_tend3	0.000444986679742167	0.000652050510844091	0.000884690812334541
cextraccion_autoservicio_ratioavg3	0.00044469170463158	0.000502502446383681	0.001031017999926
tcallcenter_ratioavg3	0.000444636893436438	0.0014656456728532	0.000711452877599831
mpayroll_avg3	0.000443749629115256	0.00156910615764945	0.000997379565996925
Master_mpagominimo_tend3	0.000443150435031857	0.00183891758679226	0.00094692191510332
mpayroll_sobre_edad_avg3	0.000439389238910348	0.00117813704398303	0.000960377288674948
ctrx_quarter_avg3	0.000439173411338134	0.000383109651424128	0.00104447337349762
Master_mlimitecompra_min3	0.000439062621870845	0.00038103242953443	0.00117398134412454
ccallcenter_transacciones_avg3	0.000438385924093947	0.000361050541498917	0.000957013445282041
mtransferencias_emitidas_tend3	0.000436395613022948	0.000347877191237941	0.00110838639796286
Visa_Finiciomora_ratioavg3	0.000433965742785562	0.00198282635007392	0.000523077647597039
Master_msaldopesos_ratioavg3	0.000431093401620982	0.000476797875984677	0.00094692191510332
ctrx_quarter_normalizado_avg3	0.000430704909101495	0.000322088289649466	0.000763592450189889
Visa_mconsumosdolares	0.000429318204712706	0.000557159872599352	0.00109156718099832
mpagomiscuentas_ratioavg3	0.000427156630298788	0.00130629429031001	0.00104951913858698
ctransferencias_emitidas_avg3	0.000426801489428261	0.000451401253274088	0.00102260839144373
Visa_status_avg3	0.000426724421078602	0.000209109049726937	0.000299382061968723
Visa_Finiciomora_tend3	0.000425349121433793	0.000754555948573448	0.000351521634558782
ccajas_extracciones_eficiencia3	0.00042358135878802	0.000827082233064189	0.00110502255456995
ctarjeta_visa_transacciones_avg3	0.000422339951335954	0.000250593271836207	0.000988969957514658
Master_fechaalta_max3	0.000421918937194646	0.000437980755627678	0.00104110953010472
Visa_mfinanciacion_limite_eficiencia3	0.000421691160962936	0.000239002994848636	0.000920011167960064
Master_mpagospesos_eficiencia3	0.000420519785335269	0.000272675547261472	0.00109997678948059
Master_mfinanciacion_limite_avg3	0.0004204136888229	0.000329354729705828	0.00108483949421251
ctarjeta_visa_transacciones_min3	0.00041987985537813	0.000563149140906682	0.00104951913858698
kmes_ratioavg3	0.000418908848603134	0.00033957466140314	0.000935148463228146
mttarjeta_visa_debitos_automaticos	0.000416952006229427	0.000207690034963379	0.00106633835555152
Master_mfinanciacion_limite_max3	0.000416486872462385	0.000319007497374149	0.00106297451215861
ctarjeta_debito_transacciones	0.000416282500533242	0.000277410297778812	0.00087459928215582
mcomisiones_otras_avg3	0.000414888972788502	0.00023966609815302	0.0010343818433189
ctarjeta_visa_debitos_automaticos_tend3	0.000411743649638604	0.000441173502307041	0.000896464264209715
matm_other_eficiencia3	0.000411475901802581	0.000191705109153266	0.00104783721689053
ccajas_consultas	0.000409978962609559	0.00124914916708223	0.000866189673673553
ccomisiones_otras_min3	0.000409324221662964	0.000287751903159373	0.000903191950995529
ccajas_consultas_avg3	0.000408837348306855	0.00203727616371655	0.00106970219894443
ctarjeta_debito_transacciones_max3	0.000406326422872317	0.000217080027909546	0.00108315757251605
Visa_msaldodolares_eficiencia3	0.000406068503455002	0.0002234298595521	0.00106633835555152
cliente_antiguedad_max3	0.000402335515707612	0.00126285744308578	0.000995697644300472
Visa_msaldototal_avg3	0.000401477264729674	0.00028739236290617	0.000886372734030995
ctransferencias_recibidas_tend3	0.000400238881251334	0.000428866483286254	0.00112688753662385
Visa_mconsumosdolares_min3	0.00039921062227825	0.000428433061895654	0.00109493102439123
ccomisiones_otras	0.000399101903131488	0.000167799043870439	0.00100578917447919
ctarjeta_master_eficiencia3	0.000399047897590649	0.000273411947084954	0.000452436936345992
thomebanking_max3	0.000396771382731957	0.000540412166065065	0.00056680761170483
ctarjeta_visa_debitos_automaticos_min3	0.000393492584429061	0.000413347936723285	0.000945239993406867
mcomisiones_otras_ratioavg3	0.000390849352367196	0.000151353877305311	0.00100242533108629
Visa_mpagado_max3	0.000390545885428454	0.000196996489367487	0.000938512306621053
mextraccion_autoservicio_ratioavg3	0.000386556841659894	0.000390496742081717	0.000814050101083494
Master_mpagospesos_tend3	0.000385054353663312	0.00142684894105934	0.000994015722604018
Visa_mfinanciacion_limite_max3	0.000384839293806004	0.000283091618397727	0.000987288035818205
ccaja_seguridad_ratioavg3	0.00038365868118749	0.0015656327941871	0.000376750460005584
Visa_mpagado_tend3	0.000381067416627706	0.000290779202860433	0.000955331523585588
Master_mpagominimo_max3	0.000380258362988397	0.001083581903564	0.000819095866172854
Master_mpagominimo_eficiencia3	0.000379243884356907	0.000184751951427287	0.000967104975460762
mcuenta_debitos_automaticos_max3	0.000376171729668315	0.000362435283014761	0.00101756262635437
tmobile_app_ratioavg3	0.000369516904326825	0.000511345163525734	0.000844324691619657
mpagomiscuentas_avg3	0.000367406925342632	0.00058285085062293	0.000893100420816809
Master_mfinanciacion_limite_eficiencia3	0.000365943536344178	0.000207236298086927	0.000876281203852273
Visa_mconsumosdolares_max3	0.000365111222818684	0.000545874912517855	0.000965423053764309
Visa_mpagado_ratioavg3	0.000364795521206707	0.000224313802418513	0.000911601559477797
Visa_mconsumototal	0.000364706829364437	0.000353992371711179	0.000728272094564365
ctarjeta_debito_transacciones_avg3	0.000363635595936437	0.000202753591133266	0.000886372734030995
ccajas_otras_ratioavg3	0.0003617455595202	0.000624319361115444	0.000903191950995529
mprestamos_prendarios_ratioavg3	0.000357809794629648	0.000903781669119857	0.000822459709565761
tmobile_app_tend3	0.000355606178799881	0.000276118729804194	0.000642494088045237
mpagomiscuentas_tend3	0.000353714413400253	0.000988906112543735	0.000933466541531692
Master_mpagospesos_ratioavg3	0.000349047812188725	0.00107103672566411	0.000834233161440936
Visa_mconsumosdolares_avg3	0.000347419623699107	0.000765033696940131	0.000950285758496227
ccuenta_debitos_automaticos_avg3	0.000346014802209559	0.000407285664206006	0.000951967680192681
mcuenta_debitos_automaticos_avg3	0.000345043619362861	0.000382804846059064	0.000856098143494832
thomebanking_avg3	0.00034444082853435	0.00044907228012986	0.000724908251171458
mpagomiscuentas_max3	0.00034437850911641	0.000305053535530914	0.000861143908584192
Master_mconsumospesos	0.000343655785033828	0.000494065527417652	0.000713134799296284
mcaja_ahorro_adicional_eficiencia3	0.000343477815676939	0.000426489790673461	0.000913283481174251
mautoservicio_max3	0.000341813388718109	0.000212432677827741	0.000920011167960064
mtarjeta_visa_descuentos_eficiencia3	0.000341678604283877	0.000211858582659211	0.000862825830280645
Visa_mpagosdolares_eficiencia3	0.000340590855999773	0.000198518616183336	0.000854416221798378
Visa_mconsumosdolares_tend3	0.000338783872002289	0.000199035053372236	0.000839278926530296
ctarjeta_visa_eficiencia3	0.000337757326488374	0.000304817349738565	0.000385160068487851
ctarjeta_visa_debitos_automaticos	0.000337657040557505	0.000265585150390063	0.000847688535012564
cpagomiscuentas_avg3	0.000332551501226806	0.000467807688876981	0.00087459928215582
mprestamos_prendarios_eficiencia3	0.000332299135350581	0.00036540097856268	0.000711452877599831
cpayroll_trx_avg3	0.000328355782306082	0.000400171151829809	0.000797230884118959
ccomisiones_otras_tend3	0.000328125934461791	0.000194427603489262	0.000842642769923203
Visa_mpagado_avg3	0.000327277576818478	0.000293410789051106	0.000849370456709018
cforex_eficiencia3	0.000326823259754302	0.000189724568514582	0.000898146185906169
mextraccion_autoservicio_max3	0.000324780265990263	0.000203098735160884	0.000819095866172854
ctransferencias_recibidas	0.000324625226869638	0.000299546504242058	0.00086955351706646
ctarjeta_master_transacciones_eficiencia3	0.000324616681832357	0.000281791208071353	0.000825823552958669
ctarjeta_debito_min3	0.00032373185937549	0.000290179457564083	0.000847688535012564
Visa_mlimitecompra_eficiencia3	0.000322872959845249	0.000449366489288274	0.000820777787869308
ccheques_emitidos_rechazados_avg3	0.000322866935428838	0.00186163022689723	0.000484393448578608
Visa_status_eficiencia3	0.000322718756566005	0.000263195157710993	0.000339748182683607
Master_msaldopesos_eficiencia3	0.000322611099859461	0.000244787939060852	0.000931784619835239
mplazo_fijo_dolares_eficiencia3	0.000321865067438675	0.00046942605848012	0.000904873872691983
matm_other_max3	0.000320789890955977	0.000197372910474042	0.000802276649208319
mcomisiones_otras_tend3	0.000319406014383649	0.000359586145739984	0.000782093588850878
Master_Finiciomora_avg3	0.000317448570382687	0.00117141627203047	0.000407025050541747
ctarjeta_visa_tend3	0.000315702251778451	2.94198927593952e-05	4.0366120714884e-05
cliente_edad_ratioavg3	0.000314628817845711	0.000122500918140296	0.000810686257690587
mtarjeta_master_consumo_ratioavg3	0.000311887317982358	0.00102341510758628	0.000697997504028202
mpagomiscuentas_min3	0.00030875986254725	0.000567120014540539	0.00076863821527925
ccomisiones_mantenimiento_max3	0.000308238260310662	0.000659683287341369	0.000586990672062272
active_quarter_ratioavg3	0.000307848140566812	0.000384708363237001	0.000581944906972911
Master_fultimo_cierre_tend3	0.000305439616253177	0.000247383059685194	0.000654267539920412
cplazo_fijo_ratioavg3	0.000305367211121624	0.00134559920155931	0.000585308750365818
Master_msaldototal_max3	0.000303990158492544	0.000412738106761296	0.00064417600974169
mautoservicio_avg3	0.00030330367336859	0.000662631809726788	0.000822459709565761
mtarjeta_master_consumo_eficiencia3	0.0003027269565587	0.000143164763420301	0.000772002058672157
cpagomiscuentas_max3	0.000302237033740165	0.000435179630130616	0.000803958570904773
mextraccion_autoservicio	0.000299924856315899	0.000209010760775604	0.000595400280544539
Visa_mpagado_min3	0.00029925411790246	0.000338898696496202	0.000854416221798378
Master_mpagominimo_avg3	0.000299097698711712	0.000289162221725751	0.000676132521974307
ctarjeta_debito_transacciones_min3	0.00029760913825298	0.000185182230494535	0.000783775510547331
catm_trx_ratioavg3	0.000297535046149361	0.000177874647925459	0.000731635937957272
kmes_avg3	0.000297050148402317	0.000308553572203106	0.000659313305009772
Visa_mpagado	0.000296848512083973	0.000132524710398666	0.000608855654116167
Master_fechaalta_avg3	0.000296237725987093	0.000757592894476422	0.000798912805815413
Master_mpagospesos_min3	0.000296060971297858	0.000258300952552903	0.000783775510547331
Visa_mconsumototal_eficiencia3	0.000294581502571797	9.66072237219243e-05	0.000729954016260819
Visa_status_ratioavg3	0.000293852605662801	0.000100612955221793	9.92333800907565e-05
Visa_fechaalta_avg3	0.000292469898046827	0.000481400137380258	0.000666040991795586
Master_cconsumos_eficiencia3	0.000289957447421028	0.000183852296944118	0.00077368398036861
ctarjeta_debito_avg3	0.000289807341048772	0.000347911172176506	0.000815732022779947
mpayroll_sobre_edad_min3	0.000288895977867773	0.000909350596871002	0.000625674871080702
mplazo_fijo_dolares_tend3	0.000285859828902511	0.000526429631002519	0.000765274371886343
ccuenta_debitos_automaticos_max3	0.000284116653140956	0.000345372028754186	0.000743409389832447
ctarjeta_master_debitos_automaticos_eficiencia3	0.000279051916675033	0.000253604713765936	0.000731635937957272
cprestamos_hipotecarios_eficiencia3	0.00027890934043176	0.00084990609680033	0.000363295086433956
Master_mfinanciacion_limite_tend3	0.000278786932816264	0.000193971162753183	0.000723226329475005
mforex_sell_eficiencia3	0.000278282190746959	0.000101375005173096	0.000721544407778552
Master_mpagospesos_max3	0.000277712710515333	0.000223358974583481	0.000758546685100528
Master_mpagominimo_ratioavg3	0.000277181537076635	0.000193539349062902	0.000719862486082098
mextraccion_autoservicio_tend3	0.000275617821486769	0.000129100747182487	0.000679496365367214
matm_tend3	0.000275127368123517	0.000110502723735371	0.000718180564385644
cextraccion_autoservicio_max3	0.000274170746136397	0.000163549891926786	0.000692951738938842
matm_other_min3	0.000274038766829377	0.000493323866029489	0.000741727468135994
cseguro_vida_eficiencia3	0.000273945983659441	0.000283350385071831	0.000753500920011168
matm_other_tend3	0.00027337663954373	0.000155804137943439	0.000697997504028202
ctransferencias_recibidas_min3	0.0002732297325513	0.000301563510447073	0.00073499978135018
Master_cconsumos_tend3	0.000271854030666636	0.000431146860034469	0.000728272094564365
Master_mpagospesos_avg3	0.00027085095149345	0.000199847672806306	0.000733317859653726
Visa_msaldodolares_min3	0.000269117939066622	0.0002942238469489	0.000718180564385644
ctransferencias_emitidas	0.000267856426375725	0.00139360184461279	0.000696315582331749
mttarjeta_master_debitos_automaticos_eficiencia3	0.000267771978656275	0.000240217027821496	0.000751818998314715
mautoservicio_min3	0.000266610826502568	0.00043204037602551	0.000696315582331749
matm_max3	0.000265300425097722	0.000159713626656018	0.000697997504028202
cextraccion_autoservicio_tend3	0.000263242798334433	0.000167169336886322	0.000622311027687795
ccajas_transacciones	0.000262741835894591	0.000352000138706537	0.000349839712862328
ctarjeta_visa_descuentos_eficiencia3	0.000262352016220459	0.000158457647320284	0.000719862486082098
Master_mconsumospesos_eficiencia3	0.000260781682437131	0.000119547718808495	0.000731635937957272
mtransferencias_emitidas_min3	0.000260682588778316	0.000509440257879341	0.000711452877599831
ctarjeta_master_transacciones	0.000260585127414196	0.000949331326872668	0.000595400280544539
Master_msaldototal_tend3	0.000259443734718304	0.000242929437491853	0.000603809889026806
Master_status_eficiencia3	0.000258899757730722	0.000414085067319639	0.000383478146791398
Master_status_avg3	0.000258204693408366	9.74942358344009e-05	0.000127826048930466
cpagomiscuentas_min3	0.000258178927662047	0.000306311853339839	0.000726590172867912
Visa_mfinanciacion_limite_tend3	0.000255450079276756	0.000165669790952229	0.000669404835188493
ctarjeta_master	0.000255230400503127	4.40960774323896e-05	0.000148009109287908
active_quarter_min3	0.000255068245317625	0.000490560375335353	0.000415434659024014
Master_msaldototal_min3	0.000255056846192122	0.000255360541746367	0.000645857931438144
Visa_msaldodolares_ratioavg3	0.000252677971342909	0.000300017560435584	0.000669404835188493
ccajas_otras	0.000252257835289227	0.000453311055098726	0.000613901419205527
ccajas_otras_tend3	0.000249033467045164	0.00035421313819592	0.000637448322955877
mprestamos_hipotecarios_max3	0.000248931789376535	0.00174664896161357	0.000375068538309131
Master_msaldopesos_min3	0.000248841636358398	0.00090238114290997	0.000580262985276457
cforex_buy_eficiencia3	0.000248049314914312	0.000191459350236289	0.000650903696527505
mttarjeta_master_debitos_automaticos_tend3	0.000246885172497739	0.000521940420170293	0.000687905973849481
Master_msaldopesos_max3	0.00024538090132981	0.000237540352944597	0.000549988394740294
Master_mpagominimo_min3	0.000245084910801934	0.000260635406493673	0.00057185337679419
cseguro_accidentes_personales_eficiencia3	0.000244592874770601	0.000274947154735219	0.000708089034206924
Master_Fvencimiento_tend3	0.000242230160421936	0.000137179148977333	0.000507940352328957
mtarjeta_visa_descuentos_tend3	0.000241590710560684	0.000331426251567121	0.000659313305009772
Master_msaldopesos_tend3	0.000240832589351289	0.000371174595795375	0.000625674871080702
ccuenta_debitos_automaticos	0.000236626905582716	0.00022623741585044	0.000585308750365818
matm_ratioavg3	0.000236029630512508	0.000154571689494196	0.000632402557866516
Visa_mpagosdolares_tend3	0.000235659980347098	0.000179546583180143	0.0006727686785814
mextraccion_autoservicio_avg3	0.000234964004735247	0.000117686513379868	0.000595400280544539
ccaja_ahorro_min3	0.000233140211215075	0.000275058159134531	0.000455800779738899
Master_Finiciomora_max3	0.000232788230238424	0.000544809811056383	0.000299382061968723
ctarjeta_debito	0.000231728841068054	0.000320927676173576	0.000664359070099132
Master_mlimitecompra_avg3	0.000230738576661129	0.000229540143847093	0.000625674871080702
active_quarter_tend3	0.000229340600962285	0.000268174132522278	0.000311155513843897
Master_cconsumos	0.000228686566847451	0.000672564620762548	0.000455800779738899
Visa_mlimitecompra_avg3	0.000228324518715779	0.000532751327889487	0.000635766401259423
cpayroll_trx_min3	0.000227300137901051	0.000752359172241831	0.000277517079914828
Master_cconsumos_ratioavg3	0.000227076507654798	0.000566332533693278	0.000494484978757329
cforex_sell_eficiencia3	0.000226259071444192	0.000266250446013064	0.000617265262598435
catm_trx_avg3	0.00022578600006179	0.000110375934642016	0.000570171455097737
mttarjeta_master_debitos_automaticos_ratioavg3	0.000222932235029464	0.000291883108361427	0.000573535298490643
catm_trx_other_max3	0.000221177777836765	0.000224475668609742	0.000602127967330353
ctarjeta_debito_ratioavg3	0.00022071776130772	0.00117444050248546	0.000623992949384249
Visa_Fvencimiento_tend3	0.000220123586599029	0.00014246534070416	0.000521395725900585
cextraccion_autoservicio_avg3	0.000220068955273443	0.00012686246295172	0.000613901419205527
Visa_mlimitecompra_max3	0.000219922817796962	0.000346174709677192	0.000546624551347388
Master_delinquency	0.000219718122404096	0.00198089630584071	0.000228741350717676
mforex_buy_eficiencia3	0.000219141005605656	0.000117581209008961	0.000519713804204131
ctransferencias_emitidas_min3	0.000218831119978313	0.000524160362001964	0.000598764123937446
ctarjeta_debito_max3	0.000217598551544932	0.000160328572028113	0.000553352238133201
Master_mpagado_eficiencia3	0.000216977538665651	0.000185780879631577	0.000580262985276457
Visa_delinquency_max3	0.000216068417804953	0.000390607234940019	0.000248924411075118
Visa_mconsumototal_min3	0.000214029167551598	0.000104105318778826	0.000534851099472213
catm_trx_tend3	0.000212908629798994	9.55196875332706e-05	0.000561761846615469
mforex_sell_tend3	0.000212645459651027	0.000328005284519718	0.000553352238133201
mcaja_ahorro_adicional_min3	0.000212143308619527	0.000260935900298789	0.00053316917777576
Master_msaldopesos_avg3	0.000211225142775014	0.000152677818518175	0.000509622274025411
mcajeros_propios_descuentos_eficiencia3	0.000210737053968188	9.80008806668116e-05	0.000502894587239597
cdescubierto_preacordado_max3	0.00021032386049179	7.66776590240721e-05	0.000260697862950293
ccajas_transacciones_avg3	0.000209988288853512	0.000307700760261056	0.000444027327863724
cseguro_vivienda_eficiencia3	0.000209557382160642	0.000108273428010934	0.00056680761170483
Visa_mconsumototal_ratioavg3	0.000208401385027719	8.20242856674437e-05	0.000497848822150236
catm_trx_other_ratioavg3	0.000207973961046421	8.80278040457842e-05	0.000516349960811225
catm_trx_max3	0.000207715342118983	9.8989470208547e-05	0.000536533021168667
Visa_mpagosdolares_max3	0.000206981869538318	0.000253520674885614	0.000526441490989945
mcheques_emitidos_rechazados_avg3	0.000206454741246148	0.000986813617501005	0.000417116580720468
Master_mconsumospesos_tend3	0.000205729394705362	0.000105889646901279	0.000534851099472213
ccheques_depositados_eficiencia3	0.000203682627126104	0.000518981009269077	0.000553352238133201
catm_trx_other_min3	0.000203536065053321	0.000401196572324311	0.000553352238133201
Visa_mconsumototal_avg3	0.000202957590619512	0.00018219687715635	0.000516349960811225
ctarjeta_master_transacciones_tend3	0.000202344045850629	0.000385068049644779	0.000555034159829655
cextraccion_autoservicio	0.000201922266382758	0.000152369797752473	0.000484393448578608
matm_other_avg3	0.000199834092216775	0.000151522174297817	0.000529805334382853
mpagodeservicios_eficiencia3	0.000199566309416992	0.000200327571351588	0.000518031882507678
matm	0.000197512698043839	8.89365201125701e-05	0.000501212665543143
catm_trx_other_avg3	0.000197471076330149	0.000165551259592332	0.000506258430632504
Visa_msaldodolares_max3	0.000197079246455148	0.000455658736028486	0.000578581063580004
cseguro_vida_ratioavg3	0.000196742576531946	0.000212148407180391	0.0004087069722382
ccheques_emitidos_rechazados_max3	0.000195914947054032	0.000616531149228214	0.000289290531790002
Master_cconsumos_max3	0.000195614055628872	0.000243430674605008	0.000524759569293492
cpagomiscuentas	0.000194701795860384	0.000197299833186805	0.000546624551347388
mcaja_ahorro_adicional_ratioavg3	0.000194494595253411	0.000187761858733984	0.000534851099472213
matm_avg3	0.000194216987656586	0.000102523560896592	0.000496166900453782
cplazo_fijo_eficiencia3	0.000194040632877593	0.00022026217838226	0.000544942629650934
Master_mfinanciacion_limite_ratioavg3	0.000193106249662586	0.000167726258892352	0.000524759569293492
catm_trx_other_tend3	0.000192684752293139	0.000139757900289335	0.000481029605185701
mcheques_emitidos_rechazados	0.000192083728583185	0.00205786364323139	0.000432253875988549
Master_msaldodolares_eficiencia3	0.000191990415690748	0.000302798078137646	0.000516349960811225
cprestamos_prendarios_eficiencia3	0.000191641937413351	0.00010129133167921	0.000299382061968723
cpagodeservicios_eficiencia3	0.00019018767624677	0.000155959792565253	0.000518031882507678
Master_mlimitecompra_max3	0.000189981924169197	0.000217962289998352	0.000523077647597039
ccajas_otras_max3	0.000189672904844384	0.000201255506744917	0.000450755014649538
Master_fechaalta_tend3	0.000187436903763206	0.000211072855666844	0.0004087069722382
cliente_antiguedad_avg3	0.000187018577035174	0.00154759914662931	0.000469256153310526
Master_Finiciomora_tend3	0.000186759872714722	0.000828916180664676	0.000319565122326165
Visa_mconsumototal_max3	0.000186538210677589	0.0001553331548272	0.000506258430632504
ccajas_extracciones_ratioavg3	0.000185756012788633	0.000235481400376708	0.000459164623131805
thomebanking_tend3	0.000183924702549431	0.000204488372854973	0.000460846544828259
Visa_fechaalta_tend3	0.000183610446099684	0.000175715214087621	0.00034143010438006
Master_mconsumospesos_max3	0.000183431959725489	0.000125837700152802	0.000497848822150236
mextraccion_autoservicio_min3	0.000183211972777441	0.000593893413342664	0.00044234540616727
Visa_msaldodolares	0.000183129477586276	0.000135488725168979	0.000482711526882155
Visa_mpagosdolares_ratioavg3	0.000183038301927094	0.000128461174764593	0.000472619996703434
Visa_Finiciomora_min3	0.000181756687031735	0.000459046599064771	0.00037002277321977
matm_other_ratioavg3	0.00017866064661348	0.00010963434633114	0.000487757291971515
cplazo_fijo	0.000177141497876169	0.00556005149152813	0.000346475869469421
mtarjeta_master_consumo_tend3	0.000177117558545848	0.000320568062843085	0.000447391171256631
mcaja_ahorro_adicional	0.000176734448174551	0.00035540656337378	0.000479347683489248
tmobile_app	0.000176283379940624	0.000152468086703806	0.000334702417594247
matm_min3	0.000176250423875484	0.000220979870420209	0.000433935797685003
mcheques_depositados_max3	0.000175675599748293	0.00125713264148096	0.00047093807500698
matm_other	0.000175518446533924	0.000112863997040557	0.000457482701435352
internet_tend3	0.000174937192481178	9.27681084369545e-05	0.000380114303398491
Visa_madelantopesos	0.000174645388951682	0.00192174835340165	0.000222013663931862
minversion2_ratioavg3	0.000174280518954827	0.000339849870466873	0.000521395725900585
Visa_mconsumototal_tend3	0.000174214189941416	0.000131863653258325	0.000462528466524713
Master_Finiciomora_ratioavg3	0.000172181227037431	0.00138710213145412	0.000343112026076514
mtarjeta_visa_descuentos_max3	0.00017203385801829	0.000221016993682125	0.00049953074384669
tmobile_app_max3	0.000171999241840144	0.000191141025573087	0.000368340851523316
Master_msaldototal_avg3	0.000170013784565194	0.000117027575480857	0.000417116580720468
Master_mlimitecompra_tend3	0.000169460178565882	9.63674571425013e-05	0.000449073092953085
Master_cconsumos_avg3	0.000168683375921843	0.000136265244423154	0.00046589230991762
mcaja_ahorro_adicional_tend3	0.000168557892356818	0.000202635936700815	0.000460846544828259
Visa_mlimitecompra_tend3	0.000168514944036627	0.000843639427110651	0.000511304195721864
Master_mconsumospesos_min3	0.000167572201644327	0.000236722691177708	0.000496166900453782
cpayroll_trx_max3	0.000167337162817086	0.000228044690241086	0.000435617719381457
Master_mlimitecompra_ratioavg3	0.000166278133855668	0.000168852379888666	0.00043729964107791
mcheques_depositados_eficiencia3	0.000165840116109523	0.000373351202795714	0.000450755014649538
ctarjeta_master_debitos_automaticos_ratioavg3	0.00016583124502441	0.000268200732654832	0.000433935797685003
tcallcenter_max3	0.000164996142561531	0.000143074439893277	0.000280880923307734
mtarjeta_master_consumo_max3	0.000163889403337157	0.0002405903066047	0.000388523911880759
cpayroll_trx_tend3	0.00016291269756713	0.000225106910216891	0.000454118858042445
ccaja_seguridad_eficiencia3	0.000162598819101863	0.000840359791536764	0.000344793947772968
Visa_msaldodolares_avg3	0.00016108877697542	0.00029890305872794	0.000445709249560177
mforex_buy_max3	0.000160062729489533	0.000262898317770238	0.000428890032595642
minversion2_eficiencia3	0.000159639924502861	0.00030998142931842	0.000481029605185701
Visa_msaldodolares_tend3	0.000159474186863145	0.000142372824858519	0.000445709249560177
tcallcenter_avg3	0.000159300551681314	0.000143005454934125	0.000358249321344595
ccajas_otras_avg3	0.000158705595084278	0.00035175942212238	0.000418798502416922
Visa_mfinanciacion_limite_ratioavg3	0.000158455031936397	0.000248208394567243	0.000452436936345992
mforex_sell_max3	0.000158324412750972	0.000473305658582219	0.000393569676970119
Master_mconsumospesos_avg3	0.00015806396366841	0.000110090933221793	0.000422162345809829
Visa_mpagosdolares	0.000156068612863068	0.000145978604365343	0.000396933520363026
ccuenta_debitos_automaticos_min3	0.000155320612663847	0.000194216702438297	0.000450755014649538
ctarjeta_visa_descuentos_max3	0.000154980595968799	0.000317628748195858	0.0004087069722382
Visa_delinquency_ratioavg3	0.000154206396480463	0.000142517152500811	0.000274153236521921
cseguro_vida_avg3	0.000152796616949613	0.000208876079335227	0.0004087069722382
Master_mconsumosdolares_eficiencia3	0.000152757175890018	0.000115333278576278	0.000410388893934654
ccaja_seguridad_min3	0.000152441885581849	0.000186746011364109	0.000119416440448199
mttarjeta_master_debitos_automaticos_max3	0.00015235557540593	0.000145599040935436	0.000427208110899189
ccajas_depositos_max3	0.000151569928770757	0.00023060407607197	0.000413752737327561
mttarjeta_master_debitos_automaticos_min3	0.000149802594029727	0.000126818397347516	0.000427208110899189
ccajas_depositos_ratioavg3	0.000149718592166738	0.000347969341697146	0.000454118858042445
tcallcenter	0.000149140021083386	0.000177995810067698	0.000238832880896397
mprestamos_hipotecarios_eficiencia3	0.000148026005050889	0.00127771624789958	0.000287608610093549
Master_mconsumospesos_ratioavg3	0.000147808349222479	0.000257828946354642	0.000396933520363026
ccajas_depositos_avg3	0.000146808887330232	0.00015688699718571	0.000390205833577212
Master_msaldodolares_min3	0.000145761639903103	0.00014606330094125	0.00034143010438006
Master_Finiciomora_min3	0.000145544057858799	0.000355358332364204	0.000279199001611281
mforex_sell_avg3	0.000142896562861026	0.000275278633310123	0.000395251598666572
mplazo_fijo_dolares_min3	0.000142562000747488	0.000542227259725445	0.000358249321344595
Visa_mpagosdolares_min3	0.000142025283673447	8.87972348030974e-05	0.000339748182683607
mprestamos_prendarios	0.000141889852429228	0.00220493402226805	0.000329656652504886
ccaja_seguridad_avg3	0.000141744482785111	0.000173915612812135	0.000139599500805641
Visa_mlimitecompra_ratioavg3	0.000141101793372907	0.000216717564564853	0.000427208110899189
ccajeros_propios_descuentos_eficiencia3	0.000140773219439544	0.000137245941617868	0.000371704694916223
mprestamos_hipotecarios_avg3	0.000138064389431826	0.000769680973944649	0.000213604055449594
ccajas_extracciones_avg3	0.000137826152869193	0.000182140388413316	0.000344793947772968
minversion2	0.000137649497765987	0.00205923245389862	0.000378432381702038
ccajas_otras_min3	0.000137393217279825	0.000634635389445472	0.000356567399648142
mcheques_depositados_avg3	0.000137347067876648	0.0013512944068628	0.000364977008130409
Master_delinquency_eficiencia3	0.000135970603738943	0.000202135430360532	0.000301063983665177
Master_mpagosdolares_eficiencia3	0.000135845745567133	0.000145520263619795	0.000344793947772968
cextraccion_autoservicio_min3	0.000135463575380353	8.45356597206134e-05	0.000359931243041049
mttarjeta_master_debitos_automaticos_avg3	0.000133907541422572	0.000176463525508923	0.000375068538309131
ctarjeta_master_debitos_automaticos_avg3	0.000133326194302796	0.00012655173832639	0.000343112026076514
mtarjeta_master_consumo_avg3	0.00013114572097808	0.000169606829802096	0.000311155513843897
mforex_sell	0.00013095562232865	0.000235806959691347	0.00037002277321977
tcallcenter_tend3	0.000130007541032812	0.000113084032752426	0.000277517079914828
cforex_ratioavg3	0.000129337873497094	4.73969784968624e-05	0.000327974730808432
mtarjeta_visa_descuentos_avg3	0.000128555052309616	0.000120983906734554	0.000361613164737503
cplazo_fijo_tend3	0.000128272481601156	0.000368190192461923	0.000373386616612677
ccheques_emitidos_eficiencia3	0.000126878914546656	0.000983524043416054	0.000386841990184305
ctarjeta_master_transacciones_max3	0.000125730199350919	0.000238536761756067	0.00033133857420134
Visa_mpagosdolares_avg3	0.000125673520413631	0.000107541778211122	0.000333020495897793
ccajas_transacciones_tend3	0.000125386463322254	9.26183730754069e-05	0.000296018218575816
ccajas_extracciones_max3	0.000125207495697154	9.34670196120845e-05	0.000292654375182909
tcuentas_avg3	0.000124520434395489	0.000223639445211895	0.000210240212056687
mpagodeservicios_tend3	0.000124119143612794	0.00015404984458604	0.000321247044022619
ctarjeta_visa_max3	0.000123137078677475	5.14857257950321e-05	0.000105961066876571
ctarjeta_visa_descuentos_avg3	0.000122577332525049	0.000134718709793368	0.000343112026076514
mcheques_emitidos_rechazados_min3	0.000122459577634615	0.00152563123715857	0.000233787115807037
Master_mconsumototal_eficiencia3	0.000122041871953799	5.56846005650671e-05	0.000304427827058084
ctarjeta_master_debitos_automaticos_max3	0.000121391266343006	0.000153389956682294	0.00033133857420134
ccheques_emitidos_rechazados_eficiencia3	0.000121080096061759	0.000237513533580181	0.000289290531790002
Master_status_tend3	0.00011978311572923	5.87442735043723e-05	0.000151372952680815
tcuentas_eficiencia3	0.000119340193405404	0.000218261541489586	0.000334702417594247
catm_trx	0.000119240990724651	7.74705475905882e-05	0.00030274590536163
mplazo_fijo_dolares_max3	0.000119140227908453	0.000126897028508583	0.00034143010438006
tmobile_app_avg3	0.000118877752826727	7.18020154969398e-05	0.000267425549736107
internet_min3	0.000118566304460254	7.55253763589269e-05	0.000222013663931862
catm_trx_other	0.000118543195705216	0.000132529021958613	0.000333020495897793
mttarjeta_master_debitos_automaticos	0.000118253143691747	0.00013000266706156	0.000349839712862328
mtarjeta_master_consumo_min3	0.000117780605555629	0.000145418247726813	0.000317883200629712
Master_mpagado_min3	0.000115715534976469	9.47671376293091e-05	0.000334702417594247
ctarjeta_master_transacciones_avg3	0.000115617665127568	0.000182309416178694	0.000284244766700641
ccajas_extracciones_tend3	0.000115613055921228	0.00021706855477545	0.000311155513843897
mcajeros_propios_descuentos_avg3	0.00011541918676502	8.69822142200043e-05	0.00029770014027227
mcajeros_propios_descuentos_tend3	0.00011457463525785	0.000111132284564914	0.00030274590536163
ctarjeta_visa_min3	0.000114401690150234	0.00016422753761133	0.000260697862950293
cforex_avg3	0.000113832714367753	0.000155417486016671	0.000285926688397095
Master_mpagado_max3	0.000112948215061383	5.70912652670826e-05	0.000290972453486456
Master_mpagado_avg3	0.00011251626149167	7.26179964862226e-05	0.00029770014027227
mtarjeta_visa_descuentos	0.000112171729655718	0.00128824624652664	0.000354885477951689
cseguro_vida_min3	0.000111411590238634	0.000131095026351171	0.000343112026076514
mcaja_ahorro_adicional_max3	0.000110987472544828	0.000112375840761817	0.000292654375182909
ccheques_emitidos_rechazados_tend3	0.000110950000418686	0.000277676152949779	0.000142963344198548
catm_trx_min3	0.000110606108580073	0.000194315502930641	0.00033133857420134
cforex_sell_tend3	0.000110400920758078	0.000143892905510326	0.00029770014027227
ccomisiones_mantenimiento_min3	0.000110262605845435	8.9011570486562e-05	0.000247242489378665
ccheques_emitidos_rechazados	0.00010983957674615	0.000375078165247687	0.000122780283841106
ctarjeta_visa_avg3	0.000109157700711075	0.000137909848772411	0.000153054874377269
minversion1_pesos_eficiencia3	0.000108177032055282	0.000162897530983625	0.000272471314825467
mcheques_emitidos_eficiencia3	0.00010716161617576	0.000526728517107316	0.000327974730808432
thomebanking_min3	0.000107137741487285	7.73859971692556e-05	0.000243878645985757
cpagodeservicios_tend3	0.000107072318575576	0.000191171498801865	0.000290972453486456
mcaja_ahorro_adicional_avg3	0.000107037810616729	0.000103687974391418	0.000275835158218374
mcajeros_propios_descuentos_max3	0.000106573516312733	0.000105085796741678	0.00026910747143256
Visa_delinquency_tend3	0.000105238247706714	0.000136996528836529	0.000206876368663781
cseguro_vida_max3	0.000103673130982331	0.000130209329629865	0.000275835158218374
mprestamos_prendarios_max3	0.000103219099305443	0.000237458506382892	0.000193420995092152
mcheques_emitidos_tend3	0.000102860667201808	0.000213163304545531	0.000284244766700641
ctarjeta_debito_tend3	0.000102661272303244	0.000151996299737407	0.000294336296879363
ctarjeta_master_descuentos_avg3	0.000101774532321006	0.000175567817199265	0.000252288254468025
ccheques_emitidos_ratioavg3	0.000101556626108221	0.00179034150626584	0.000294336296879363
cseguro_auto_eficiencia3	0.000101498243343439	0.000150058290079895	0.000309473592147444
cforex_tend3	0.000101288474348758	0.000115321220823884	0.000252288254468025
Master_mconsumototal	0.00010019768944446	0.000138106499752365	0.000222013663931862
mprestamos_hipotecarios	0.000100102652991342	0.00439200934400395	0.000232105194110583
Master_delinquency_ratioavg3	9.89985581900881e-05	0.00108299589679765	0.000200148681877966
mforex_sell_ratioavg3	9.89518474678197e-05	4.41773393757966e-05	0.000232105194110583
ccaja_seguridad_max3	9.87064909054173e-05	8.74407011201261e-05	0.000107642988573024
ctarjeta_visa_descuentos_tend3	9.75958036930489e-05	0.000221741116521352	0.000287608610093549
cseguro_accidentes_personales_min3	9.65687972487117e-05	0.000135226816171523	0.000255652097860932
mplazo_fijo_dolares_avg3	9.63918432895347e-05	0.000177078324726443	0.000284244766700641
mcheques_emitidos_rechazados_max3	9.54374605883466e-05	0.000307206465490188	0.000205194446967327
ctarjeta_master_transacciones_min3	9.53890077663822e-05	0.000146548461051213	0.000282562845004188
cforex_max3	9.46101410271672e-05	8.01263223633372e-05	0.00024051480259285
mforex_buy_ratioavg3	9.4178966096087e-05	0.000111951554032122	0.00023042327241413
Master_mpagado_ratioavg3	9.36156667368477e-05	0.000116000108822312	0.000279199001611281
Master_mpagado_tend3	9.18403496871408e-05	4.35425900588603e-05	0.000237150959199944
ccajas_extracciones	9.15391847968261e-05	0.000137799648223259	0.000248924411075118
mpagodeservicios	9.13764945639944e-05	0.000441188848537361	0.000260697862950293
ccajas_transacciones_min3	9.11072808145735e-05	0.000253923403815574	0.000220331742235408
mcheques_depositados_tend3	9.0609241587834e-05	8.17997191637659e-05	0.000262379784646746
ccajas_depositos	9.05056109602355e-05	0.00112224483084493	0.000270789393129013
cforex_buy_ratioavg3	9.03045632311499e-05	0.00013088880224659	0.000250606332771571
ccheques_emitidos_tend3	8.97946092515387e-05	0.000214552796085046	0.000238832880896397
minversion1_pesos_ratioavg3	8.96855097711069e-05	0.00012150282855122	0.000245560567682211
cpagodeservicios_ratioavg3	8.82739893151549e-05	4.69613647876456e-05	0.000220331742235408
mpagodeservicios_ratioavg3	8.79237173929437e-05	6.73395509518427e-05	0.000215285977146048
cseguro_vivienda	8.7697958096444e-05	0.000179344524480935	0.000250606332771571
mpagodeservicios_max3	8.6221866838297e-05	9.43218046408898e-05	0.000215285977146048
ccajas_depositos_tend3	8.61607755175399e-05	8.00673489925373e-05	0.000250606332771571
cforex_sell_max3	8.60340054779891e-05	8.10901387046995e-05	0.000218649820538955
Master_mpagado	8.59739743265679e-05	0.000106357633848742	0.000257334019557386
mcheques_emitidos_rechazados_eficiencia3	8.50374460476767e-05	0.000188918672190938	0.000213604055449594
cforex_sell_avg3	8.46984675962018e-05	0.000147316503340068	0.000247242489378665
tcuentas_max3	8.45662133753607e-05	0.000237979035899878	0.000149691030984361
mforex_buy_avg3	8.4101797265925e-05	0.000152229927824702	0.00024051480259285
Master_mconsumosdolares_min3	8.38872733564681e-05	4.76180372907529e-05	0.000151372952680815
cseguro_vida_tend3	8.36219736296863e-05	8.63624457469515e-05	0.000213604055449594
minversion1_dolares_ratioavg3	8.28682278236131e-05	0.000317971699904859	0.000248924411075118
cseguro_vivienda_ratioavg3	8.18616950492195e-05	0.000124518874350045	0.000220331742235408
minversion2_tend3	8.116868139251e-05	0.000106299464328102	0.000237150959199944
Master_msaldodolares	8.10823510918731e-05	0.000109616734704916	0.000243878645985757
mforex_buy_tend3	8.0966458540449e-05	7.26540966661174e-05	0.00023042327241413
Master_cconsumos_min3	8.08600072809926e-05	0.000114409435511035	0.000232105194110583
ctarjeta_master_tend3	8.06757148474867e-05	0.000138245273520827	9.0823771608489e-05
mprestamos_hipotecarios_ratioavg3	8.06193781674332e-05	0.000468106428827204	0.000242196724289304
cseguro_vida	8.05052043216999e-05	8.56148650985221e-05	0.000223695585628316
minversion2_max3	8.04986753191072e-05	0.000211343095475044	0.000216967898842502
Visa_Finiciomora_eficiencia3	8.03595533622226e-05	0.000307906399747339	0.000255652097860932
ctarjeta_master_debitos_automaticos_min3	7.76868274892708e-05	6.79441924264375e-05	0.000203512525270874
minversion1_pesos	7.70776156229695e-05	0.00182777278894768	0.000205194446967327
mpagodeservicios_min3	7.63661181962794e-05	0.000188500450876083	0.000176601778127617
minversion1_pesos_max3	7.63299287859602e-05	0.00188552956906963	0.000203512525270874
cforex_sell_ratioavg3	7.57385776847657e-05	3.87406084372624e-05	0.000206876368663781
cseguro_vivienda_avg3	7.56339995705881e-05	0.000104139957412976	0.00019678483848506
Master_msaldodolares_ratioavg3	7.55269710762865e-05	0.000127152068241038	0.00020183060357442
ccajeros_propios_descuentos_max3	7.44946433864798e-05	4.32746887238512e-05	0.000161464482859536
ctarjeta_master_descuentos_max3	7.44593582963952e-05	9.10270420685448e-05	0.00019678483848506
ctarjeta_master_debitos_automaticos_tend3	7.38822370540738e-05	0.000117340711656665	0.000205194446967327
mcheques_emitidos	7.29927630467387e-05	0.00133271728351984	0.000205194446967327
ccheques_depositados_rechazados_eficiencia3	7.2153834381729e-05	0.000127787182944411	0.000233787115807037
Master_mpagosdolares	7.20853205052599e-05	0.000130052213462306	0.000215285977146048
mcheques_depositados_rechazados_eficiencia3	7.13203723965531e-05	0.000103293283963054	0.000210240212056687
Master_mpagosdolares_ratioavg3	7.12544825052614e-05	7.70176145642963e-05	0.000164828326252443
mplazo_fijo_pesos_ratioavg3	7.11181315144679e-05	0.000103373449747152	0.000227059429021223
ctarjeta_master_descuentos_eficiencia3	7.07491884940446e-05	5.34913319432379e-05	0.000211922133753141
Master_msaldodolares_tend3	7.01194515692944e-05	6.49672429762841e-05	0.000178283699824071
mprestamos_prendarios_tend3	6.97349804499522e-05	9.2615303829343e-05	0.000215285977146048
cinversion1_eficiencia3	6.89904062685471e-05	5.80537662172746e-05	0.00016819216964535
cseguro_accidentes_personales_ratioavg3	6.79409622128397e-05	6.37136751910291e-05	0.000185011386609885
cseguro_vivienda_min3	6.67554408468358e-05	5.41311966702808e-05	0.000186693308306338
cplazo_fijo_avg3	6.6306988493385e-05	0.000139815339037103	0.000218649820538955
ctarjeta_master_debitos_automaticos	6.61209240667554e-05	0.000122985493631962	0.000218649820538955
mcheques_depositados	6.59927015041832e-05	0.000259885852758488	0.000206876368663781
Master_madelantopesos_eficiencia3	6.58750617827306e-05	0.000186279339807817	0.000193420995092152
cpagodeservicios_max3	6.50455337687221e-05	0.000109057912689418	0.000173237934734711
mcheques_depositados_rechazados	6.49721962245513e-05	0.000279620666485855	0.000191739073395699
ccajeros_propios_descuentos_tend3	6.47948677263708e-05	0.000113941375486285	0.000200148681877966
cseguro_accidentes_personales_avg3	6.41378457957418e-05	0.00013023220282077	0.000178283699824071
Master_mconsumosdolares	6.40905416683786e-05	3.2591300870885e-05	0.000176601778127617
ccheques_depositados_max3	6.38091704361516e-05	0.000506834394893774	0.000171556013038257
Master_msaldodolares_max3	6.3724060695717e-05	9.20545087270901e-05	0.000183329464913432
minversion2_min3	6.36286464343079e-05	0.000662982946091959	0.000195102916788606
mforex_buy	6.32547283996935e-05	5.7365451248794e-05	0.000161464482859536
minversion1_pesos_avg3	6.24753909026164e-05	0.00115887701339084	0.000179965621520525
mplazo_fijo_pesos_eficiencia3	6.05414976174147e-05	0.000131044895332127	0.000188375230002792
ccheques_emitidos_avg3	6.04826020051374e-05	8.10522115926237e-05	0.000137917579109187
mtarjeta_master_descuentos_max3	5.99320746177687e-05	5.39615842866048e-05	0.000156418717770175
ccajas_transacciones_max3	5.96183782342118e-05	2.03288589953124e-05	0.000131189892323373
Master_mconsumototal_ratioavg3	5.90419011786168e-05	4.92029374963382e-05	0.000156418717770175
Master_status_ratioavg3	5.88732125662161e-05	8.38477832158562e-05	9.25056933049425e-05
Master_delinquency_tend3	5.87315358077647e-05	0.000382308797433303	0.000124462205537559
ccallcenter_transacciones_min3	5.84573482579002e-05	0.000251903912982794	0.000149691030984361
minversion1_dolares_eficiencia3	5.82884635861162e-05	0.000124542039850099	0.000154736796073722
ccheques_emitidos_max3	5.82170628502412e-05	8.65601198089263e-05	0.000148009109287908
cseguro_vivienda_tend3	5.78826755750815e-05	9.37941866270423e-05	0.000151372952680815
mtarjeta_visa_descuentos_ratioavg3	5.78003740549573e-05	0.00046256629352723	0.000181647543216978
mcheques_emitidos_max3	5.74202183367398e-05	9.31716412170745e-05	0.000144645265895001
ccheques_depositados_ratioavg3	5.65325918097957e-05	0.000150102136452237	0.000176601778127617
ctarjeta_master_avg3	5.63538850816902e-05	4.12907865299546e-05	7.4004554643954e-05
Master_mpagosdolares_max3	5.61241435577695e-05	6.68870563892742e-05	0.000149691030984361
ccheques_depositados_avg3	5.5830491764819e-05	0.000174702289809236	0.000148009109287908
Master_mconsumototal_tend3	5.57352887737907e-05	3.94493850461692e-05	0.000158100639466629
minversion1_pesos_min3	5.5091448591868e-05	0.000692203776320922	0.00016819216964535
Master_mconsumototal_avg3	5.44769720563947e-05	4.00470841784766e-05	0.000139599500805641
active_quarter_max3	5.4468572394748e-05	7.88208697041443e-05	0.000158100639466629
Master_mconsumototal_max3	5.44375508278685e-05	5.15574146138111e-05	0.000142963344198548
cforex_buy_tend3	5.40588637050392e-05	5.1411552348487e-05	0.000136235657412734
mcheques_depositados_ratioavg3	5.34961046200744e-05	0.000127173479886199	0.000136235657412734
Master_msaldodolares_avg3	5.34069336215917e-05	5.61938761798183e-05	0.000141281422502094
mforex_sell_min3	5.32733942770089e-05	5.80133544774328e-05	0.000146327187591455
ctarjeta_visa_descuentos_ratioavg3	5.2903511228681e-05	0.000506451762217804	0.000153054874377269
mcheques_emitidos_ratioavg3	5.28348366872734e-05	0.000210072646836438	0.000151372952680815
cforex_buy_avg3	5.27001078896635e-05	3.74477250714741e-05	0.00013455373571628
Master_mpagosdolares_min3	5.20679623024674e-05	5.34836588280781e-05	0.000122780283841106
ccajeros_propios_descuentos_ratioavg3	5.15012695204072e-05	2.30637033928513e-05	0.00012950797062692
cplazo_fijo_max3	5.14465535848708e-05	6.63613383848948e-05	0.000114370675358838
mtarjeta_master_descuentos_eficiencia3	5.14249738776796e-05	6.20261744741637e-05	0.000149691030984361
cpagodeservicios_avg3	5.13371734938349e-05	4.66704441071571e-05	0.000139599500805641
Master_mconsumototal_min3	5.13065656778356e-05	7.42822586257467e-05	0.000153054874377269
Master_mconsumosdolares_ratioavg3	5.0630262564659e-05	3.19132167226175e-05	0.000151372952680815
mcheques_emitidos_avg3	5.04206063114643e-05	0.000118868173114483	0.000137917579109187
ccheques_depositados_tend3	5.00503600589689e-05	5.67931830124449e-05	0.000127826048930466
cinversion2_ratioavg3	4.98011501808816e-05	0.000115960793241778	0.000131189892323373
ccajeros_propios_descuentos_avg3	4.9611271924516e-05	3.28596406696175e-05	0.000127826048930466
ccajas_consultas_min3	4.95606425399606e-05	0.000108609583532222	0.000137917579109187
Master_cadelantosefectivo_eficiencia3	4.91788497895169e-05	0.000166821562076364	0.000151372952680815
mprestamos_prendarios_min3	4.88820173319459e-05	0.000163578099759659	0.000144645265895001
mcajeros_propios_descuentos_ratioavg3	4.8794830595373e-05	3.5775132121205e-05	0.000127826048930466
cinversion2_tend3	4.84360655333769e-05	0.000143057559039925	9.0823771608489e-05
cforex_buy_max3	4.80845066276496e-05	5.19255049096214e-05	0.000114370675358838
minversion1_pesos_tend3	4.80203630254407e-05	0.000173092616403277	0.00013455373571628
mcajeros_propios_descuentos	4.79785001283657e-05	6.42437778326427e-05	0.00013455373571628
mcheques_emitidos_rechazados_tend3	4.77277289989681e-05	0.000121204307832859	0.000114370675358838
Visa_madelantopesos_eficiencia3	4.71737701514962e-05	0.000118917281051506	0.000141281422502094
ccajas_extracciones_min3	4.7120495364992e-05	2.25672163033665e-05	0.00010091530178721
cliente_edad_tend3	4.70722935538526e-05	2.20428867674446e-05	0.000136235657412734
cseguro_accidentes_personales_max3	4.69186666480846e-05	5.97810940556838e-05	0.000132871814019826
mcheques_depositados_rechazados_tend3	4.62301996897155e-05	5.66965748387182e-05	0.000122780283841106
cinversion1_ratioavg3	4.61233338963159e-05	0.000106561519480132	0.000116052597055292
mpayroll2_eficiencia3	4.59904513457728e-05	6.52634252214536e-05	0.000148009109287908
cseguro_vivienda_max3	4.58924322646517e-05	3.20972984091662e-05	0.000116052597055292
Visa_cadelantosefectivo	4.55455286093645e-05	0.000515399199112467	5.88672593758725e-05
mcheques_depositados_min3	4.53090178782946e-05	6.3919753141036e-05	0.000131189892323373
mpagodeservicios_avg3	4.43069005413162e-05	5.72822892959188e-05	0.000124462205537559
mtarjeta_visa_descuentos_min3	4.36924644706202e-05	0.000134458920037242	0.000136235657412734
tcuentas_min3	4.34116560061507e-05	5.94674463388648e-05	8.24141631262215e-05
Master_delinquency_avg3	4.33992929888997e-05	0.000155728795260299	9.58695366978495e-05
tcuentas	4.32097159376934e-05	1.92399343382013e-05	5.55034159829655e-05
cinversion2_eficiencia3	4.21042773221304e-05	7.545310292185e-05	0.000139599500805641
Master_delinquency_max3	4.16639625783139e-05	0.000200214374633659	8.91418499120355e-05
cseguro_accidentes_personales_tend3	4.14528237129044e-05	9.90882707008908e-05	0.00013455373571628
Master_mpagosdolares_tend3	4.09748269429249e-05	6.37932563568296e-05	0.000114370675358838
mprestamos_prendarios_avg3	4.03260556962185e-05	0.000100233684101036	9.58695366978495e-05
mtarjeta_master_descuentos_tend3	4.01051845918066e-05	5.08671265585751e-05	0.000121098362144652
Master_mconsumosdolares_max3	3.98814971036532e-05	4.42660552025017e-05	0.000119416440448199
cinversion1_avg3	3.92181515091105e-05	0.000143142547924981	0.000112688753662385
ccheques_depositados_rechazados	3.90657750569726e-05	0.000123744693569062	9.7551458394303e-05
cpayroll2_trx_eficiencia3	3.83874186940412e-05	0.000134374296538622	0.000121098362144652
cforex	3.7950353152429e-05	7.67961173066825e-05	0.000119416440448199
cplazo_fijo_min3	3.73579083276516e-05	0.000153728158367625	0.000102597223483663
Visa_cadelantosefectivo_eficiencia3	3.71872507622215e-05	0.000105006069421303	0.000116052597055292
mcheques_emitidos_min3	3.70105093654792e-05	8.43274625292766e-05	0.000102597223483663
tcuentas_tend3	3.63949083712027e-05	3.38765111215134e-05	6.0549181072326e-05
minversion2_avg3	3.63710716808567e-05	8.70996494205934e-05	0.000111006831965931
Master_mconsumosdolares_tend3	3.58629111307172e-05	3.73189628913634e-05	9.7551458394303e-05
ccheques_emitidos	3.50137806825905e-05	0.000437905412944537	9.4187615001396e-05
cseguro_accidentes_personales	3.48723858463735e-05	1.27045594633535e-05	0.000105961066876571
tmobile_app_min3	3.39561882501334e-05	6.97179243422419e-06	7.23226329475005e-05
cforex_sell	3.39184478074751e-05	6.04729898112391e-05	9.92333800907565e-05
cpagodeservicios_min3	3.33457264587696e-05	4.40076539148334e-05	9.4187615001396e-05
ccheques_emitidos_rechazados_min3	3.33140758770081e-05	0.000440052204411684	5.3821494286512e-05
Master_mpagosdolares_avg3	3.28375499145695e-05	2.97078903483943e-05	8.0732241429768e-05
ccheques_emitidos_rechazados_ratioavg3	3.27118791975016e-05	8.57607273638462e-05	0.00010091530178721
mcheques_depositados_rechazados_max3	3.21149792927478e-05	4.43285362830889e-05	9.58695366978495e-05
cinversion1_min3	3.18973060216113e-05	3.37524989650731e-05	7.90503197333145e-05
ccheques_depositados	3.1560143081983e-05	0.00053655280837153	9.7551458394303e-05
kmes_tend3	3.04582065783767e-05	3.68272989028362e-05	6.89587895545935e-05
cseguro_auto_ratioavg3	3.00379453912373e-05	9.4423820533872e-05	9.92333800907565e-05
ccheques_depositados_rechazados_avg3	2.98608611108108e-05	5.79274886649299e-05	6.22311027687795e-05
cpagodeservicios	2.88797023555008e-05	0.000150950490679765	0.000104279145180117
cinversion2_min3	2.87299173718518e-05	0.000114060637619055	8.24141631262215e-05
cseguro_auto_min3	2.84159960926189e-05	2.12803252751317e-05	9.58695366978495e-05
minversion1_dolares_tend3	2.70924036206174e-05	8.7674548439283e-05	9.25056933049425e-05
ccheques_depositados_rechazados_max3	2.70365415941642e-05	3.51462289872477e-05	6.22311027687795e-05
ctarjeta_visa_descuentos	2.70288611954031e-05	9.58100235954612e-05	8.91418499120355e-05
mtarjeta_master_descuentos_avg3	2.69861178810897e-05	3.21594141033173e-05	7.23226329475005e-05
Master_madelantopesos_ratioavg3	2.68505746392938e-05	0.000317271107952123	9.0823771608489e-05
Master_mconsumosdolares_avg3	2.68086616261908e-05	4.10018389362215e-05	7.0640711251047e-05
mforex_buy_min3	2.58509945045428e-05	4.20621172967359e-05	7.0640711251047e-05
cinversion2	2.47189498182452e-05	0.000151708302148408	7.7368398036861e-05
mcheques_emitidos_rechazados_ratioavg3	2.39907100948201e-05	3.7222427794924e-05	6.3913024465233e-05
cprestamos_prendarios_ratioavg3	2.33115624076362e-05	0.000158758506511837	7.23226329475005e-05
cliente_vip_min3	2.28146011649146e-05	3.01139077562803e-05	5.88672593758725e-05
ctarjeta_master_descuentos_tend3	2.25220413728085e-05	2.05535716535647e-05	6.3913024465233e-05
cforex_buy	2.12745364445587e-05	5.08515610963937e-06	4.0366120714884e-05
mcheques_depositados_rechazados_avg3	2.07550491826612e-05	3.76272759662142e-05	6.22311027687795e-05
ccheques_depositados_min3	2.06755341724273e-05	0.000114982288365682	6.22311027687795e-05
ccaja_seguridad_tend3	2.05190666471199e-05	0.000207165486195595	6.22311027687795e-05
Visa_madelantopesos_ratioavg3	2.04968879163572e-05	5.3524728263505e-05	6.727686785814e-05
Visa_cadelantosefectivo_avg3	2.02246364308788e-05	9.55017105206104e-05	5.55034159829655e-05
ctarjeta_master_descuentos_ratioavg3	2.00188234701632e-05	7.83739290154059e-06	5.88672593758725e-05
cinversion2_max3	1.9929782753777e-05	6.47012416507432e-05	6.3913024465233e-05
Visa_cadelantosefectivo_ratioavg3	1.98739713914959e-05	0.000106942836764932	6.89587895545935e-05
minversion1_dolares_min3	1.92834637665457e-05	7.13701287293721e-05	5.7185337679419e-05
cinversion2_avg3	1.88655868102885e-05	8.60555211405582e-05	5.21395725900585e-05
Visa_cadelantosefectivo_tend3	1.83236027766158e-05	4.16009996142736e-05	5.88672593758725e-05
cprestamos_hipotecarios_avg3	1.81309612085993e-05	0.000103510396583433	4.54118858042445e-05
Visa_madelantopesos_tend3	1.79373980733869e-05	8.10358422802827e-05	6.55949461616865e-05
cprestamos_prendarios_avg3	1.77134060129036e-05	2.95796397092942e-05	5.7185337679419e-05
mprestamos_hipotecarios_tend3	1.67323499562979e-05	2.76864995061453e-05	5.7185337679419e-05
cinversion1_tend3	1.6011804256929e-05	1.9483354781986e-05	4.7093807500698e-05
mplazo_fijo_pesos_max3	1.57177387130984e-05	3.35320247894805e-05	4.7093807500698e-05
ccheques_depositados_rechazados_tend3	1.56381009969021e-05	1.98011679041776e-05	4.0366120714884e-05
mpayroll2_tend3	1.48927541085658e-05	5.13943791859864e-05	4.7093807500698e-05
mcajeros_propios_descuentos_min3	1.47622685136777e-05	2.8611804117134e-05	4.7093807500698e-05
mtarjeta_master_descuentos_ratioavg3	1.45770675118208e-05	3.28998331775975e-05	4.54118858042445e-05
cseguro_auto	1.43862693718445e-05	9.7184022750082e-06	4.87757291971515e-05
minversion1_dolares_max3	1.42955274316477e-05	2.44314179007697e-05	3.53203556255235e-05
cprestamos_hipotecarios_max3	1.41041180523182e-05	0.000164230753011968	4.0366120714884e-05
mplazo_fijo_pesos_avg3	1.40494279774353e-05	2.24704619750654e-05	4.3729964107791e-05
ccajeros_propios_descuentos	1.37570511479849e-05	1.21621067601969e-05	4.3729964107791e-05
cforex_sell_min3	1.36044303019038e-05	6.31409684909566e-06	3.86841990184305e-05
cseguro_auto_avg3	1.34367153499609e-05	1.52280643462044e-05	4.3729964107791e-05
mplazo_fijo_pesos_tend3	1.3201424141535e-05	2.2309984252294e-05	4.0366120714884e-05
cseguro_auto_max3	1.2603995923793e-05	1.15142766088453e-05	3.86841990184305e-05
cforex_buy_min3	1.24947814897218e-05	1.30187917984704e-05	3.7002277321977e-05
Master_cadelantosefectivo_ratioavg3	1.24616175605252e-05	8.40137417351703e-05	4.3729964107791e-05
Visa_madelantopesos_avg3	1.2421520411647e-05	3.1497772344678e-05	3.86841990184305e-05
ccheques_depositados_rechazados_ratioavg3	1.24006235353382e-05	2.32064964121115e-05	3.7002277321977e-05
ccajas_depositos_min3	1.23979319914057e-05	2.70318731670807e-05	4.3729964107791e-05
mtarjeta_master_descuentos_min3	1.17223756070473e-05	1.67004255294455e-05	4.0366120714884e-05
cforex_min3	1.13809798794341e-05	1.20129560169472e-05	3.363843392907e-05
cinversion1	1.08634481606131e-05	0.00010776766010597	3.0274590536163e-05
ccajeros_propios_descuentos_min3	1.08232835704393e-05	1.33631319759288e-05	3.363843392907e-05
mtarjeta_master_descuentos	1.08181539013178e-05	2.94762353478546e-05	3.363843392907e-05
Visa_madelantopesos_min3	1.03903255854714e-05	0.000121908845959106	3.363843392907e-05
minversion1_dolares_avg3	1.00781832294692e-05	4.61397568472456e-05	3.363843392907e-05
cprestamos_prendarios_max3	9.85805597611926e-06	8.00410411691322e-05	2.52288254468025e-05
cprestamos_prendarios_min3	9.64013643168861e-06	6.80291813114936e-05	2.85926688397095e-05
cinversion1_max3	9.61517504762054e-06	2.87049045810733e-05	3.0274590536163e-05
cliente_vip_avg3	9.29313148721037e-06	1.71295353600983e-05	2.52288254468025e-05
Master_madelantopesos	9.14648198545033e-06	1.3754972390091e-05	2.6910747143256e-05
tcuentas_ratioavg3	9.02274104868829e-06	2.54547191539425e-05	3.53203556255235e-05
cprestamos_prendarios	8.97949222809484e-06	3.59690792415307e-05	2.6910747143256e-05
mcheques_depositados_rechazados_ratioavg3	8.84113154542258e-06	9.25421534648192e-06	1.85011386609885e-05
Visa_madelantopesos_max3	8.6136597490059e-06	7.75525403068675e-06	2.52288254468025e-05
Master_cadelantosefectivo_tend3	8.27387993049624e-06	3.19151167320856e-05	1.6819216964535e-05
minversion1_dolares	7.94822776156961e-06	4.92489031100099e-05	3.0274590536163e-05
Master_Finiciomora_eficiencia3	7.68744883332145e-06	2.48429891824857e-05	2.85926688397095e-05
tcallcenter_min3	7.66978305088644e-06	6.48531693309079e-06	2.6910747143256e-05
ctarjeta_master_max3	7.65202175434949e-06	1.37382376913138e-05	2.85926688397095e-05
Master_madelantopesos_tend3	7.64300633116099e-06	0.000151311784787863	2.6910747143256e-05
ccheques_emitidos_min3	7.40392901342701e-06	4.05926792049843e-05	2.3546903750349e-05
ctarjeta_master_descuentos	6.96339861407724e-06	6.12243704786048e-05	2.18649820538955e-05
cseguro_auto_tend3	6.91656949269257e-06	1.71607393617482e-05	2.52288254468025e-05
ctarjeta_visa_descuentos_min3	6.45793377768036e-06	2.00794462139742e-05	2.0183060357442e-05
cprestamos_hipotecarios_ratioavg3	6.31533983718554e-06	1.02189816925783e-05	1.6819216964535e-05
Visa_delinquency_min3	6.22218324411123e-06	1.42713365017041e-05	2.18649820538955e-05
cliente_vip_eficiencia3	5.75581088684238e-06	3.20516981819307e-06	1.85011386609885e-05
cliente_vip	5.61759307400326e-06	9.46241253781873e-06	2.18649820538955e-05
Master_cadelantosefectivo_avg3	5.60848262612718e-06	4.19595167854559e-06	1.51372952680815e-05
cpayroll2_trx_tend3	4.67606597580759e-06	4.77640457106514e-05	1.51372952680815e-05
Master_cadelantosefectivo_max3	4.65702701420348e-06	1.66447406365713e-05	1.51372952680815e-05
cprestamos_prendarios_tend3	4.64137855851084e-06	7.50774125881672e-06	1.85011386609885e-05
Master_madelantopesos_avg3	4.53710270662752e-06	2.08262960895313e-06	1.3455373571628e-05
mprestamos_hipotecarios_min3	4.06241611987853e-06	1.69884961957318e-05	1.51372952680815e-05
Master_cadelantosefectivo	4.00456182469692e-06	1.15925423834756e-05	1.3455373571628e-05
Master_madelantopesos_min3	3.56080690920208e-06	2.17339159970087e-06	8.4096084822675e-06
Master_madelantopesos_max3	3.42297757388679e-06	5.2471684554427e-06	1.0091530178721e-05
ccuenta_corriente_min3	2.95560050771459e-06	1.51277292308287e-06	8.4096084822675e-06
mplazo_fijo_pesos_min3	2.88471481191081e-06	1.80465822376291e-05	1.3455373571628e-05
Visa_madelantodolares_tend3	2.75279813034933e-06	2.50698941593551e-06	8.4096084822675e-06
Visa_cadelantosefectivo_max3	2.57478106535039e-06	5.06367138719184e-06	1.0091530178721e-05
cprestamos_hipotecarios	2.51741269987531e-06	1.02602703598669e-05	8.4096084822675e-06
Master_cadelantosefectivo_min3	2.00542547776751e-06	1.46636884568769e-06	5.0457650893605e-06
ctarjeta_master_descuentos_min3	1.93653473268264e-06	1.41784552696265e-06	5.0457650893605e-06
mplazo_fijo_pesos	1.89800337687982e-06	3.59036019921668e-06	6.727686785814e-06
Visa_cadelantosefectivo_min3	1.79139389955665e-06	2.08618847284155e-05	6.727686785814e-06
Visa_madelantodolares	1.65054072755088e-06	2.13987104804548e-05	5.0457650893605e-06
Master_madelantodolares	1.37256188058644e-06	2.84212185520212e-06	3.363843392907e-06
Visa_madelantodolares_avg3	1.31474196186783e-06	2.22308415502169e-06	3.363843392907e-06
mpayroll2_ratioavg3	1.29515603080112e-06	1.65373901016209e-07	3.363843392907e-06
Master_status_min3	1.20374596172845e-06	3.85848076608741e-08	1.6819216964535e-06
mpayroll2_max3	1.18454095162821e-06	5.76141332572598e-07	3.363843392907e-06
Master_delinquency_min3	1.10225348748375e-06	3.50770978735219e-08	3.363843392907e-06
Visa_madelantodolares_max3	9.42831465709044e-07	1.20635985770021e-06	3.363843392907e-06
ccuenta_corriente	8.91896706184231e-07	3.90817332140824e-07	3.363843392907e-06
cpayroll2_trx_ratioavg3	8.61231883202987e-07	6.87657272895503e-08	1.6819216964535e-06
cprestamos_hipotecarios_min3	7.87874233891261e-07	1.35996831547134e-07	3.363843392907e-06
Visa_madelantodolares_eficiencia3	6.91484393520111e-07	1.93128654708633e-06	3.363843392907e-06
cliente_vip_max3	5.90517667732377e-07	1.39343771302566e-06	1.6819216964535e-06
ccuenta_corriente_max3	5.2773003688454e-07	1.04632059865226e-06	1.6819216964535e-06
cliente_antiguedad_tend3	4.99403244072174e-07	9.72658693117869e-08	1.6819216964535e-06
cliente_vip_ratioavg3	4.35978474064358e-07	1.54668078436061e-06	1.6819216964535e-06
