Feature	Gain	Cover	Frequency
mcaja_ahorro	0.0370529219994878	0.00449425779076268	0.00301625089791758
ctrx_quarter_normalizado	0.0337262661830236	0.00429918850536629	0.00236185232405517
ctrx_quarter	0.0270026956474787	0.00284373368098239	0.00310839322584649
ctrx_quarter_max3	0.0239539175952585	0.00122210920187391	0.00215312174446112
ctarjeta_visa	0.023237782283919	0.000513495310148052	0.00028959017349084
Master_status	0.0115891547415192	0.00270872258796496	0.000394895691123873
mcaja_ahorro_min3	0.00975431089038831	0.00238806412120492	0.00226782954045424
mcuentas_saldo	0.00911979594077035	0.0063006872107375	0.00288085808953226
Visa_msaldopesos_max3	0.00856644210073125	0.00100523545860617	0.00160967005524779
mpasivos_margen_avg3	0.00848550901375305	0.000990143565620973	0.00186729248231431
ctrx_quarter_normalizado_max3	0.00819177002307735	0.00133427877627393	0.00216440447849323
ctrx_quarter_min3	0.00796612082111644	0.00235524094404387	0.00166796418108036
cdescubierto_preacordado_ratioavg3	0.00786273449182014	0.00683032528163857	0.000528408043837183
ctrx_quarter_normalizado_eficiencia3	0.007585971479393	0.00302589432149477	0.00920106960318624
ctrx_quarter_avg3	0.00706264550712378	0.00110064678590507	0.00194815207621111
mpayroll_sobre_edad	0.006922257610819	0.00261630472525937	0.000767225914183525
ctarjeta_visa_ratioavg3	0.00684140200568939	0.000880798907874478	0.00014479508674542
Visa_msaldototal	0.00620174858449704	0.00262321109982145	0.0021926113135735
mpayroll_ratioavg3	0.00614049820377613	0.00218906443694554	0.000541571233541312
mpayroll_sobre_edad_min3	0.00609276688296599	0.000977113214396942	0.000274546528114693
mpayroll	0.00592251242395408	0.00252941008035752	0.000673203130582603
cpayroll_trx_ratioavg3	0.00556951517041402	0.00302649794403157	0.000530288499509201
Visa_Finiciomora	0.00485927204155754	0.00621289664353432	0.000684485864614713
mrentabilidad_annual_avg3	0.00483002139563141	0.00228354343231534	0.00376843316672496
Master_fultimo_cierre_eficiencia3	0.004672240128947	0.00250587851747446	0.00554358332111037
Visa_msaldopesos	0.00458342530798429	0.0028923017721211	0.00267776887695426
ctarjeta_visa_transacciones_ratioavg3	0.00456881561770327	0.00427341529579369	0.00148367952522255
Visa_mpagospesos	0.00443594841094208	0.00166566509439844	0.00276050892652308
mcuenta_corriente_max3	0.00436572380917647	0.00272108181565688	0.00295983722775703
Visa_status_eficiencia3	0.0040845741218557	0.00091128338009668	0.000368569311715615
Visa_mconsumospesos	0.00399970728588993	0.00166816048346579	0.00262511611813775
Visa_Fvencimiento_eficiencia3	0.00385249900276534	0.0021823325422289	0.0065044961695118
mrentabilidad_annual_max3	0.00376521803337441	0.00279240623097499	0.0032832756033442
ctrx_quarter_eficiencia3	0.00371215296153634	0.00190492779279235	0.00636722290545445
cproductos	0.00368813873419406	0.00539295243978341	0.0018560097482822
mcaja_ahorro_eficiencia3	0.0036804284216928	0.00141865757726137	0.0044754844994039
internet_max3	0.00359966287349303	0.00388083952997345	0.000524647132493146
cpayroll_trx	0.00358943371557429	0.00241705682143088	0.000364808400371578
mpasivos_margen	0.00356855456920967	0.00278807471256109	0.00326447104662402
mpasivos_margen_max3	0.00351713238138857	0.00178878711438367	0.00186729248231431
mcaja_ahorro_max3	0.00349944564359344	0.00431718825940985	0.00202337030309184
mcuenta_corriente_avg3	0.00336900149200334	0.00289185473143855	0.00309711049181438
numero_de_cliente	0.00335953945271799	0.00514369529856644	0.00672262902746594
mcomisiones_mantenimiento	0.00334062176825914	0.00270453640123944	0.00214371946610103
mcuentas_saldo_min3	0.00332413085105909	0.00257356503824256	0.00354465894175477
cproductos_ratioavg3	0.00329056176603919	0.0106019612923103	0.000829280951360134
mtarjeta_visa_consumo	0.00321892182480221	0.00226097069038833	0.00191994524113083
cdescubierto_preacordado_eficiencia3	0.00314503406856126	0.00318557344869803	0.000613028549078013
cpayroll_trx_avg3	0.00313624938890634	0.000848085880064851	0.000368569311715615
mcuenta_corriente_eficiencia3	0.00309889954446232	0.00248268139134087	0.00479704241931905
mactivos_margen	0.00299109448820076	0.010868285548819	0.0040166533154314
Visa_mpagospesos_eficiencia3	0.00298462307218792	0.00228564036096192	0.00457702910569289
cliente_edad_min3	0.00298449162376276	0.0031948119826479	0.00567333476247964
ctarjeta_visa_avg3	0.00298337737458007	0.000405034608617351	0.000146675542417439
ccomisiones_mantenimiento_ratioavg3	0.00295241115278348	0.00589349195662497	0.00148367952522255
mtransferencias_recibidas_max3	0.00292058174467755	0.00112167784600901	0.0017845524327455
mcuentas_saldo_ratioavg3	0.00286413911196812	0.00623283817620949	0.00433068941265848
mrentabilidad_avg3	0.0028624491630064	0.00112771304863471	0.00276238938219509
cliente_edad	0.00286203189780246	0.00809809614543212	0.00610019820002783
mactivos_margen_eficiencia3	0.00285831222598485	0.00421442903967503	0.00450181087881215
mcaja_ahorro_avg3	0.00285379818579118	0.00243457895479553	0.00232236275494278
mpayroll_max3	0.00284470236919346	0.00140839098269815	0.000562256245933515
cdescubierto_preacordado_min3	0.00283743443878375	0.000458805799203273	0.000346003843651394
mcuentas_saldo_tend3	0.00283376711014868	0.00566077266153202	0.0029974463411974
cliente_edad_max3	0.00282303434579419	0.00268269952243549	0.00405426242887176
Visa_fechaalta_eficiencia3	0.00280119770038514	0.00144951207766693	0.00395835918959882
mcuentas_saldo_max3	0.00279209463694506	0.00163238475140554	0.00305009910001392
mcuenta_corriente_tend3	0.00278309204915232	0.00699682466849777	0.00273982391413087
Visa_msaldopesos_avg3	0.0027720651259941	0.000967046054592577	0.00145735314581429
Visa_mlimitecompra	0.00275373870238594	0.00218736944604373	0.00434573305803462
ctarjeta_debito_transacciones	0.00267031210386909	0.00071413547314183	0.000823639584344078
Master_Fvencimiento_avg3	0.00263325830607515	0.0014216342688801	0.00336789610858503
cliente_antiguedad_min3	0.0026208160639429	0.00142461331280623	0.00330584107140842
ctarjeta_visa_transacciones	0.00259827409336757	0.00274703011872033	0.00144418995611016
mactivos_margen_min3	0.00259031196950163	0.00569594415741005	0.00279623758429143
ctrx_quarter_ratioavg3	0.00254738769007703	0.00324623966140591	0.00348072344890614
mcuenta_corriente_ratioavg3	0.00252826958470888	0.00230977196678355	0.00346944071487403
cdescubierto_preacordado	0.00252561890041847	0.00295326488693409	0.000346003843651394
mactivos_margen_avg3	0.00245111622225525	0.0056912509973001	0.00307642547942217
Visa_mlimitecompra_max3	0.00244841064558605	0.00113485772216506	0.0026608447759061
cliente_antiguedad	0.00243049673023983	0.00230875628135268	0.00565076929441542
Visa_fechaalta_max3	0.00242365911374481	0.00130091170472949	0.00327011241364007
mtarjeta_visa_consumo_ratioavg3	0.00238099975310922	0.00179258077259406	0.00173189967392899
Visa_status_avg3	0.00237848257408248	0.000622687988380875	0.000214371946610103
Visa_mpagominimo_max3	0.00237655281650339	0.000999267041056123	0.0012542639332363
mactivos_margen_ratioavg3	0.0023512519136817	0.00351102284973697	0.0043532548807227
ctarjeta_visa_min3	0.00234770401584506	0.000438607967294414	0.000141034175401383
mrentabilidad_annual	0.00233519839111927	0.00205944421887135	0.0052709172486677
mrentabilidad	0.00233153753720451	0.00166638653685432	0.00409563245365617
Visa_Fvencimiento	0.0023013268105725	0.00164674037217073	0.00473686783781446
mtransferencias_recibidas_eficiencia3	0.00228674328469538	0.00113386463934019	0.00334909155186485
mrentabilidad_annual_eficiencia3	0.00224026925567998	0.00199943429993145	0.00451497406851628
Master_Fvencimiento_eficiencia3	0.00222556520881861	0.00154147267226644	0.00442659265193142
mpayroll_sobre_edad_ratioavg3	0.00221046531847904	0.00228948996317903	0.000695768598646824
mpayroll_min3	0.00221039775111108	0.00110063594483613	0.000270785616770656
mcomisiones_eficiencia3	0.00220869009692582	0.0014599349472617	0.00464848642122959
Master_fechaalta_eficiencia3	0.00219821621489276	0.00188339835033974	0.00448864768910802
mcomisiones_otras_eficiencia3	0.00218369938691579	0.00104325856471314	0.00373270450895661
internet_avg3	0.0021799829975902	0.00329047848416391	0.00125050302189226
Master_Fvencimiento	0.00217994433244119	0.00203440942927769	0.00435513533639472
Visa_fultimo_cierre_avg3	0.00216223664591759	0.00167400433099722	0.00282632487504372
kmes_min3	0.002094708670481	0.000461781468079646	0.00183720519156202
mrentabilidad_min3	0.00209154795178024	0.00129506847084347	0.00303317499896575
Visa_mpagominimo	0.0020850398526771	0.0029793040095185	0.0022527858950781
Visa_mpagospesos_max3	0.00208323041197395	0.00153653640629915	0.00146111405715833
Visa_status	0.00207114003023058	0.00422149537114113	0.000438146171580297
ctrx_quarter_tend3	0.0020487682405002	0.0020684816816746	0.00259690928305747
cliente_antiguedad_eficiencia3	0.00204544752737986	0.00187575795359083	0.00433445032400251
mpasivos_margen_eficiencia3	0.00204101498173911	0.0024219399047958	0.00351833256234651
mcomisiones_max3	0.00203880523269734	0.00112169482353207	0.00261195292843362
Visa_Fvencimiento_min3	0.00203827935040225	0.00109646734927909	0.0031403609722708
cmobile_app_trx_eficiencia3	0.00201491646357585	0.00129632112567756	0.00350140846129834
Master_fechaalta	0.00199903077086967	0.00176058939178879	0.00386997777301396
chomebanking_transacciones_eficiencia3	0.00199872700042025	0.00143637975903029	0.00399032693602314
mcomisiones_mantenimiento_min3	0.00199374140467567	0.00159624277530864	0.00178643288841752
mcomisiones_otras	0.00199074672460404	0.0016238203069406	0.00350893028398642
mrentabilidad_annual_min3	0.00199035238597799	0.00189505976092413	0.00322310102183961
cliente_edad_avg3	0.00195986032762548	0.00182716378252212	0.00373646542030065
Visa_Fvencimiento_ratioavg3	0.00195791301822571	0.00160338519880582	0.00420657933830526
foto_mes	0.00194412954650797	0.0123992466797286	0.00221141587029369
cliente_antiguedad_max3	0.00193109857924492	0.00164432577974927	0.0040580233402158
cproductos_avg3	0.00191657377332596	0.00197530167136748	0.00223022042701387
mrentabilidad_tend3	0.00190351608196952	0.0010974695345109	0.00330396061573641
Visa_mfinanciacion_limite	0.00188514409979942	0.00298814817401701	0.00368945402850019
Master_fultimo_cierre_avg3	0.00188330775834086	0.0012769232828373	0.00264580113052995
cliente_antiguedad_ratioavg3	0.00188022478575245	0.00159250925434861	0.00353525666339467
cmobile_app_trx_max3	0.00186736329381202	0.000959986780048708	0.00189173840605055
Master_mlimitecompra_min3	0.00186266127041487	0.000887083352811632	0.00254801743558499
Master_mfinanciacion_limite_min3	0.00185928547785529	0.00111243051647489	0.0029974463411974
mcomisiones	0.00185481257981141	0.000943549162675292	0.00296923950611712
Master_fechaalta_ratioavg3	0.00185171931603715	0.00111329156326198	0.00268529069964234
mcuentas_saldo_eficiencia3	0.00184679782092534	0.00142575489782078	0.00435137442505068
Visa_fechaalta_avg3	0.00183789688482056	0.0011527548951506	0.00259126791604142
Visa_Fvencimiento_avg3	0.00183289213339366	0.0011626567797907	0.0034261902344176
Master_Fvencimiento_min3	0.00182486477185806	0.00152252677927202	0.00365936673774789
Visa_fechaalta	0.00181776799988236	0.00199922167179624	0.00413324156709654
mrentabilidad_max3	0.00181195839638157	0.00148371544563351	0.00341678795605751
mcuenta_corriente_min3	0.00180795348598106	0.00345078751838245	0.00356158304280293
mactivos_margen_max3	0.00179235885432333	0.00501843932666144	0.00244459237362398
Visa_cconsumos_eficiencia3	0.0017909618109824	0.0016586264792501	0.00333216745081668
cmobile_app_trx_avg3	0.00178744887621727	0.000723699545982701	0.00180335698946569
chomebanking_transacciones	0.00178127144941149	0.00213587569812971	0.00235245004569507
Visa_cconsumos_ratioavg3	0.00177418823155912	0.000826984353012785	0.00138777628594961
mcomisiones_mantenimiento_max3	0.00175394956645529	0.00260418727385973	0.00208166442892442
mcaja_ahorro_ratioavg3	0.00174844229113631	0.00305664501355148	0.00334909155186485
Visa_fultimo_cierre	0.00173228691314367	0.0011771233681012	0.00324002512288778
mcomisiones_otras_tend3	0.0017056739836275	0.00122714252609051	0.00266648614292215
mrentabilidad_ratioavg3	0.00170103981244815	0.0010534253396227	0.00332652608380063
mttarjeta_visa_debitos_automaticos_ratioavg3	0.00169923333263505	0.00117589658864865	0.00134640626116521
kmes_eficiencia3	0.00169736942218327	0.0014739186989073	0.00245963601900012
mrentabilidad_annual_ratioavg3	0.00169606206273274	0.00198382868346229	0.00435513533639472
Master_Fvencimiento_ratioavg3	0.00169488131613122	0.00118254001615174	0.00325882967960796
Visa_fechaalta_ratioavg3	0.00167907194948634	0.00154553715265193	0.00335849383022494
chomebanking_transacciones_ratioavg3	0.00166346226357261	0.0010223685407797	0.00252357151184875
Visa_msaldototal_eficiencia3	0.0016630299288894	0.00106118457903304	0.00323626421154374
mrentabilidad_eficiencia3	0.00165575114064988	0.00124185968627752	0.00380792273583735
mrentabilidad_annual_tend3	0.00163877457844333	0.00123247275241221	0.0038944236967502
mcaja_ahorro_dolares_ratioavg3	0.00163276566941924	0.00465376438133097	0.00252357151184875
mcomisiones_mantenimiento_eficiencia3	0.00163188877486831	0.00252852622641596	0.00272289981308271
Visa_fechaalta_min3	0.00162119015441254	0.00157337231308264	0.00367252992745202
ctrx_quarter_normalizado_tend3	0.00160656955717685	0.00128251645621799	0.00226594908478222
Master_fultimo_cierre	0.00160141897287604	0.00132291017682524	0.00314224142794282
cproductos_min3	0.00159932203255447	0.00185327101974724	0.00143290722207805
Visa_Finiciomora_max3	0.00159892437236057	0.00181959231860781	0.000357286577683504
Visa_msaldototal_max3	0.0015831661866168	0.00155815963422554	0.00171685602855284
mpasivos_margen_ratioavg3	0.00157215470134654	0.0016258286660994	0.00381168364718139
internet_eficiencia3	0.00156844745298198	0.00181591146887897	0.00259126791604142
Master_fechaalta_min3	0.00156192048377841	0.00108327049559997	0.00248596239840838
Visa_mpagominimo_eficiencia3	0.00154653052956728	0.00105158051696616	0.0026100724727616
mtransferencias_recibidas	0.00153083484807039	0.00200050603164328	0.00118844798471566
ctrx_quarter_normalizado_ratioavg3	0.00152290735116056	0.00212441454049806	0.00293727175969281
kmes_max3	0.00151794418994671	0.00050220576868325	0.00185789020395422
mtransferencias_recibidas_avg3	0.00151517388292266	0.00111400738063492	0.00191994524113083
mtarjeta_visa_consumo_eficiencia3	0.001509328219016	0.00117733722352724	0.00228475364150241
mcomisiones_avg3	0.00150434132027594	0.000981919796633852	0.00263451839649784
internet_ratioavg3	0.00149120576700491	0.00208621910230458	0.00170369283884871
Visa_mconsumospesos_avg3	0.00148799099393727	0.00115642244922885	0.00173189967392899
Master_mfinanciacion_limite_max3	0.00148696955361915	0.000956859336207133	0.00233364548897489
ctarjeta_debito_transacciones_eficiencia3	0.00147826621259647	0.00106095221197041	0.00193498888650698
Visa_fultimo_cierre_eficiencia3	0.0014720445460021	0.00269082009671918	0.00449052814478004
mactivos_margen_tend3	0.00147171604363911	0.00233368634212937	0.00268341024397032
Master_mpagominimo_eficiencia3	0.00146642390577283	0.000708524810866906	0.00159462640987164
mtarjeta_visa_consumo_avg3	0.00145764003047226	0.000813350379251949	0.00103237016393813
mcaja_ahorro_dolares	0.00145023405046689	0.0024135377695423	0.00212303445370882
Visa_mconsumospesos_min3	0.00144729563431029	0.000929355544298835	0.00177326969871339
mtarjeta_visa_consumo_max3	0.00144278564422749	0.000737376065825426	0.00104929426498629
chomebanking_transacciones_max3	0.00143876446218075	0.00122144380569898	0.00218132857954139
Master_fechaalta_max3	0.00143775221756088	0.00113564523377696	0.00246527738601618
mcuenta_corriente	0.00142576372445054	0.00642561754147727	0.00366500810476395
Master_Fvencimiento_max3	0.001425501001811	0.00131580129927724	0.00328703651468824
Master_mlimitecompra	0.00142380811283925	0.00135322313515482	0.00307078411240612
ctrx_quarter_normalizado_min3	0.00142029284519251	0.00128061497363509	0.00140093947565374
Master_mpagominimo	0.00142018804669097	0.0015255302667404	0.00100604378452987
mtransferencias_recibidas_ratioavg3	0.00141656085675094	0.000834830832345843	0.00221329632596571
Visa_msaldototal_min3	0.00141627864235805	0.00112260935974422	0.00138589583027759
cproductos_eficiencia3	0.00141623133812235	0.000865161279569666	0.00141034175401383
mcomisiones_ratioavg3	0.0014078312616984	0.000691436729356912	0.0030689036567341
mcaja_ahorro_tend3	0.00140351093325536	0.00127496421985992	0.00233740640031893
Visa_mconsumosdolares_eficiencia3	0.0014019002253977	0.00163587220055541	0.00198011982263542
thomebanking_eficiencia3	0.00139477331462429	0.00271130920565021	0.0021926113135735
ccallcenter_transacciones_eficiencia3	0.00139270767178264	0.000895557795949499	0.0019274670638189
internet	0.00138863085102312	0.00203038902908762	0.000716453611039027
Visa_Fvencimiento_max3	0.00138362260497111	0.000923615709664712	0.00271913890173867
Visa_mpagospesos_tend3	0.00137332209979352	0.00221456416521291	0.00180147653379367
Visa_mfinanciacion_limite_min3	0.00136427086964239	0.00147560939429123	0.00272854118009876
cmobile_app_trx	0.00136190067582181	0.00135209003890181	0.00210611035266066
ccomisiones_otras_eficiencia3	0.00136067819102261	0.000976938018631855	0.00321934011049558
ccomisiones_otras_avg3	0.00135158813232604	0.00108626784661423	0.0018654120266423
Visa_mfinanciacion_limite_avg3	0.00133770928435722	0.000824907879213266	0.00215688265580515
mextraccion_autoservicio_eficiencia3	0.00132746596067243	0.00134637004546934	0.00202525075876386
cliente_edad_eficiencia3	0.00131990179306388	0.000822146065762928	0.00270409525636252
Visa_mlimitecompra_avg3	0.00131954678228437	0.00100259831744867	0.00203089212577992
Visa_mpagospesos_avg3	0.00131090779802253	0.000884569043010747	0.0015494954737432
ctransferencias_recibidas_eficiencia3	0.00130090642207139	0.00119728530175347	0.00270409525636252
Master_fultimo_cierre_ratioavg3	0.00130039363772282	0.000561565939406211	0.00198011982263542
mcomisiones_otras_max3	0.00129485181734283	0.000816087851434283	0.0021719263011813
thomebanking_ratioavg3	0.00128951957897558	0.00134405435223343	0.00168112737078449
Visa_msaldototal_tend3	0.00128856492688789	0.00124114519846964	0.00162847461196797
mcaja_ahorro_dolares_avg3	0.00128670478580104	0.000911852024845009	0.00153821273971109
Master_mfinanciacion_limite	0.00128630639069198	0.00150660953320787	0.00345063615815384
Visa_fultimo_cierre_min3	0.00128099503443127	0.000988905331454063	0.00212303445370882
ccuenta_debitos_automaticos_ratioavg3	0.00128095573894459	0.00140463097271118	0.00105493563200235
Master_Finiciomora_tend3	0.00125615884765846	0.00166422087992161	0.000133512352713309
ccuenta_debitos_automaticos_eficiencia3	0.00124701186436802	0.00102477761039245	0.00193310843083496
cmobile_app_trx_min3	0.00124565688132032	0.00159585147408434	0.00155325638508723
kmes	0.00123554273890812	0.000917747827687981	0.00251228877781664
Visa_mpagospesos_min3	0.00123461528901325	0.00112853390164731	0.00196883708860331
ctransferencias_emitidas_eficiencia3	0.00123382684954364	0.000856583437179899	0.00179019379976156
Visa_fultimo_cierre_ratioavg3	0.00123268267400135	0.000439918816168395	0.00238065688077535
mtransferencias_emitidas_eficiencia3	0.00122774329842925	0.00280419773438669	0.00209106670728451
Visa_mpagominimo_tend3	0.00122760608637411	0.00129570134381157	0.00155137592941522
ctarjeta_visa_debitos_automaticos_ratioavg3	0.00122755239158144	0.000988076296502632	0.00129939486936474
Visa_mconsumototal	0.00122336601070878	0.000855414749493	0.00236373277972718
mcuenta_debitos_automaticos	0.00122236469181618	0.00182666632064156	0.00148744043656659
Master_mlimitecompra_avg3	0.00121697326596166	0.000769397003884704	0.00215312174446112
Master_mfinanciacion_limite_avg3	0.0012108947413493	0.00114143364867285	0.00220389404760562
mpagomiscuentas	0.00120932452298739	0.00164467279622968	0.00073713862343123
ctarjeta_debito_transacciones_ratioavg3	0.001201281294495	0.00105579503365485	0.00152693000567898
mcomisiones_mantenimiento_ratioavg3	0.0011917486475189	0.00200814407608477	0.00181087881215376
cpayroll_trx_min3	0.00118623085805554	0.000380472530539302	0.000124110074353217
Visa_mlimitecompra_min3	0.0011794790768529	0.000978180855139354	0.00202713121443588
Master_fechaalta_avg3	0.00117878668279277	0.00122729839202512	0.00272478026875472
mtarjeta_visa_consumo_tend3	0.00117756297236226	0.000660076585131979	0.00105493563200235
mtransferencias_recibidas_min3	0.00117255781503139	0.0015198191711664	0.00117716525068355
mttarjeta_visa_debitos_automaticos_tend3	0.00115533199793251	0.00193651263351226	0.00116024114963538
mcomisiones_otras_ratioavg3	0.0011550801714943	0.000706768966795087	0.00286205353281207
Visa_mconsumototal_eficiencia3	0.00115427504052122	0.000837988651635304	0.00190302114008266
chomebanking_transacciones_avg3	0.00114776923823523	0.00107583996558192	0.00210422989698864
chomebanking_transacciones_tend3	0.00114273113034366	0.00261962689924498	0.00207226215056432
mcomisiones_tend3	0.00114060859540663	0.000617372285000587	0.0026307574851538
ccajas_consultas_eficiencia3	0.00113987069227544	0.000770778524255285	0.00197071754427533
ctarjeta_visa_debitos_automaticos_eficiencia3	0.00113910307749653	0.00119536039837068	0.0017845524327455
Visa_msaldototal_ratioavg3	0.00112683714448783	0.000730969198628605	0.00153257137269503
Visa_msaldodolares_eficiencia3	0.00112536239086607	0.00127127150631978	0.00189926022873863
ccomisiones_mantenimiento_eficiencia3	0.00112295854618107	0.00386460257464972	0.00207602306190836
cliente_antiguedad_avg3	0.00111753488538157	0.00149521178560211	0.00284889034310794
Visa_fultimo_cierre_max3	0.00111442697852379	0.000963097860012632	0.00152504955000696
mcomisiones_min3	0.00110619714857955	0.000786112909452401	0.00184472701425009
Visa_mconsumototal_ratioavg3	0.00109439800166838	0.000753763159726598	0.00156077820777531
Visa_msaldopesos_eficiencia3	0.00108262845416867	0.00101554940614034	0.00219073085790149
Visa_mpagospesos_ratioavg3	0.00108190685529312	0.00136958619461069	0.00202713121443588
Visa_mfinanciacion_limite_max3	0.00107316984761155	0.00083080429570165	0.00205533804951616
Visa_mconsumospesos_ratioavg3	0.00105768189232478	0.000889100916651612	0.00164727916868816
mpayroll_tend3	0.00105307568945973	0.00192587018113427	0.000488918474724795
mttarjeta_visa_debitos_automaticos_eficiencia3	0.00104931284828511	0.00185462461925159	0.00188421658336248
kmes_ratioavg3	0.00104692574231513	0.000544239558927944	0.00177515015438541
mcomisiones_otras_avg3	0.00104376288344994	0.000997433366291233	0.00262887702948178
ccomisiones_otras_ratioavg3	0.0010425608312632	0.000704370533702809	0.00213431718774093
Visa_cconsumos_avg3	0.00103863255061299	0.00186284450181776	0.00187669476067441
cdescubierto_preacordado_tend3	0.00103600032460165	0.0064963743347894	0.000195567389889918
ccallcenter_transacciones_ratioavg3	0.00102789424863724	0.00134389664536258	0.000812356850311968
Master_msaldototal_max3	0.00102278520147602	0.000281185009722113	0.000601745815045902
Visa_mconsumospesos_max3	0.00101754982250012	0.00121863218469605	0.00170745375019275
Visa_msaldopesos_ratioavg3	0.00101422166638738	0.00180729977371731	0.00201208756905973
ccajas_transacciones_eficiencia3	0.00101332313762269	0.00090336080873255	0.00160214823255971
ctransferencias_recibidas_avg3	0.00100889133424531	0.00115680106844797	0.00146299451283035
mpayroll_sobre_edad_max3	0.00100198114596375	0.0018290695606229	0.000490798930396814
mcaja_ahorro_dolares_tend3	0.000995267866918537	0.00167996303249491	0.00147239679119044
Visa_mpagominimo_min3	0.000989194519715466	0.00162976867874052	0.00135016717250924
Master_fultimo_cierre_min3	0.000988868201217956	0.00077967484861381	0.00206097941653221
ctarjeta_visa_transacciones_avg3	0.000980610411716266	0.0009832099861123	0.000849965963752337
mautoservicio_eficiencia3	0.000979192344817153	0.000822816780198098	0.0015908654985276
mcomisiones_otras_min3	0.000977685980343487	0.000787305733858832	0.00219825268058956
mcuentas_saldo_avg3	0.000975237132443672	0.00134535026906905	0.00190114068441065
mttarjeta_visa_debitos_automaticos_avg3	0.000972514424692827	0.000567961147340207	0.00112827340321107
mcomisiones_mantenimiento_avg3	0.000971769019761389	0.00159024101635789	0.00241450508287168
cmobile_app_trx_tend3	0.000970562653893239	0.00054785096445101	0.00154197365105512
Master_msaldototal_eficiencia3	0.000969258280921152	0.000963017677012148	0.00196507617725927
Visa_mpagado_eficiencia3	0.000959107045017025	0.0015735873957995	0.00116588251665143
ccomisiones_mantenimiento_avg3	0.00095792805068324	0.0016476404877157	0.000915781912272982
Master_Finiciomora	0.000954586201552157	0.00297082271400687	0.00033848202096332
mcuenta_debitos_automaticos_eficiencia3	0.000952912448098141	0.00124113578923999	0.00191618432978679
mcuenta_debitos_automaticos_ratioavg3	0.000951351682793717	0.00135910400595944	0.00158522413151155
catm_trx_other_eficiencia3	0.000948081934065746	0.000860059533889648	0.00133888443847713
ccomisiones_mantenimiento_tend3	0.000944419277704685	0.0017952357094685	0.000541571233541312
Master_mfinanciacion_limite_eficiencia3	0.00093820556561568	0.000728782166380715	0.00138401537460557
mcaja_ahorro_dolares_min3	0.000934364437339702	0.00104915324253952	0.00151000590463081
mttarjeta_visa_debitos_automaticos	0.000931706456887972	0.000782617994283354	0.00151752772731888
ctarjeta_debito_transacciones_avg3	0.000928636948497459	0.000632671896957697	0.00105117472065831
Visa_mconsumototal_tend3	0.000921226989866813	0.000614736473408152	0.00124674211054823
cproductos_max3	0.000917522005809816	0.00103984894625634	0.00151188636030283
mcuenta_debitos_automaticos_min3	0.000914641185096958	0.000682941320000806	0.000998521961841794
ccomisiones_otras_max3	0.000903721534740244	0.00102675150313395	0.00150248408194274
Visa_cadelantosefectivo	0.000903052689953539	0.000447103376650521	0.000150436453761476
mcaja_ahorro_dolares_eficiencia3	0.000899998523735712	0.0033111349137439	0.00238065688077535
mpasivos_margen_tend3	0.000899344635232586	0.000835013596404343	0.00191806478545881
Visa_cconsumos	0.000896495409288762	0.00157695405907746	0.00177515015438541
mttarjeta_visa_debitos_automaticos_min3	0.000887866563952351	0.000614338115261616	0.000992880594825738
Visa_fechaalta_tend3	0.000883197918304709	0.000318315057206351	0.000654398573862418
Master_mpagospesos	0.000882290669096188	0.000618400959259344	0.00108314246708262
cextraccion_autoservicio	0.000875311866789988	0.000396156284524241	0.000665681307894529
catm_trx_eficiencia3	0.000861005194396438	0.000963216702674064	0.0016924101048166
mtransferencias_recibidas_tend3	0.000860978452378964	0.00109524547898983	0.00161719187793586
Visa_Finiciomora_avg3	0.000859715815147748	0.00173788267061352	0.000340362476635338
ccomisiones_otras	0.000857246927534497	0.00092880121794345	0.0014479508674542
Visa_cconsumos_max3	0.000853208619702369	0.00150395623272119	0.00129187304667667
ctarjeta_visa_transacciones_eficiencia3	0.000852884105936037	0.000929647844063354	0.0016209527892799
Visa_cconsumos_min3	0.000850888961255225	0.000597062360529827	0.00112639294753905
ctransferencias_recibidas_ratioavg3	0.000847914376211017	0.00070979567051488	0.00202337030309184
ccallcenter_transacciones_tend3	0.000845462752302101	0.00124506782449076	0.000848085508080318
mautoservicio_ratioavg3	0.000844930850753646	0.000625508507242281	0.00120537208576382
Master_status_eficiencia3	0.000834332455756733	0.0015843495090328	0.000370449767387633
Visa_mfinanciacion_limite_eficiencia3	0.000828707803566283	0.000651324876542183	0.00148744043656659
Visa_msaldopesos_min3	0.000827390652924206	0.00107278206822036	0.00134828671683722
ctarjeta_debito_transacciones_max3	0.000827188696050713	0.000850846261675894	0.000900738266896835
mcaja_ahorro_dolares_max3	0.000825699660511293	0.00134385481520033	0.00206285987220423
Visa_delinquency_ratioavg3	0.000824963443092482	0.000561350447592411	0.000340362476635338
cextraccion_autoservicio_ratioavg3	0.00082170468290371	0.000493981590599189	0.00101356560721794
mcomisiones_mantenimiento_tend3	0.000820905801163522	0.00287284051925495	0.00134264534982117
mtarjeta_master_consumo	0.000819560060387858	0.00115620511647882	0.000571658524293607
Visa_mconsumototal_min3	0.000816990546513939	0.00040665892802256	0.00113391477022712
kmes_avg3	0.000816029709314111	0.000564368764824909	0.00180899835648174
tcallcenter_eficiencia3	0.000813453746380386	0.000815105098307179	0.00143478767775007
mpayroll_eficiencia3	0.00080416174978811	0.00185810521602769	0.000778508648215636
Master_msaldopesos_eficiencia3	0.000802769777526502	0.000399144226308851	0.000957151937057388
Visa_mconsumototal_avg3	0.000795629636161692	0.000835631332785622	0.00129563395802071
Master_msaldopesos	0.000793339738814326	0.00136019414703362	0.00157206094180742
Visa_fultimo_cierre_tend3	0.000790290187920498	0.00047206043782534	0.00112827340321107
mextraccion_autoservicio_avg3	0.000787579226018027	0.000294350772033695	0.000723975433727101
active_quarter_eficiencia3	0.000782721360737869	0.00129684456521388	0.00192182569680285
Master_mlimitecompra_max3	0.000782199116948586	0.000857830978302222	0.00211551263102075
Master_fultimo_cierre_tend3	0.00077816786380177	0.000705399003413096	0.00113015385888308
Master_mpagominimo_tend3	0.000772304585878093	0.00110236724309147	0.000648757206846363
mcuenta_debitos_automaticos_avg3	0.000770121034820151	0.000992109787794826	0.00124298119920419
Visa_delinquency_tend3	0.000768497382507576	0.000541036023055298	0.000250100604378453
mautoservicio_tend3	0.000765612191057929	0.00053999579180795	0.00100040241751381
cextraccion_autoservicio_eficiencia3	0.000762333127668362	0.000516874962253904	0.00143290722207805
ctarjeta_visa_transacciones_tend3	0.000758674742674124	0.00110788585855462	0.00113015385888308
ctarjeta_visa_transacciones_max3	0.000758576744410221	0.000691152611531219	0.00120161117441979
Visa_mlimitecompra_eficiencia3	0.000758213489162239	0.000579917721367707	0.00111887112485097
Master_msaldopesos_max3	0.00075660626234798	0.000542393713529051	0.000910140545256927
mpagomiscuentas_eficiencia3	0.000753668229607049	0.00111911546731753	0.0013351235271331
ctransferencias_emitidas_ratioavg3	0.00075117174494429	0.000489352658709014	0.00107185973305051
cmobile_app_trx_ratioavg3	0.000751096555326462	0.00116701458268307	0.00165856190272027
Visa_mconsumosdolares	0.000749965137716596	0.000878727956883667	0.00106621836603446
ccaja_ahorro_max3	0.000747007668170283	0.00128523899636197	0.000368569311715615
matm_eficiencia3	0.00074220793489176	0.000563512013555709	0.00110382747947483
ccajas_consultas_ratioavg3	0.000737284973881616	0.000649618942297196	0.000787910926575728
mpasivos_margen_min3	0.000734260617860694	0.000990890167538743	0.00169805147183265
Master_msaldototal	0.000721656618149132	0.00135002164476688	0.00109442520111473
matm_avg3	0.000716476947408397	0.000339686690513874	0.000829280951360134
ccaja_ahorro_ratioavg3	0.000712427079795635	0.00378298793942003	0.000188045567201844
Visa_mpagominimo_ratioavg3	0.000706854733802675	0.00169630123931161	0.00144983132312622
cforex_eficiencia3	0.00070563481976186	0.000586786970382369	0.000902618722568853
Visa_msaldototal_avg3	0.00070095113563607	0.00083211166725163	0.0012749489456285
Visa_mpagominimo_avg3	0.000698927021870383	0.00101157237022603	0.0010906642897707
mtarjeta_master_consumo_ratioavg3	0.000698313377227634	0.00056560587397523	0.000684485864614713
mautoservicio_max3	0.00069780356711789	0.000416752781402341	0.000735258167759211
mtransferencias_emitidas_ratioavg3	0.000697357414114127	0.000960628141778343	0.00107562064439455
Master_fultimo_cierre_max3	0.000695032528972009	0.000998855284984761	0.0014780381582065
Visa_cconsumos_tend3	0.000691393297890977	0.000862209542864355	0.00109254474544272
ccomisiones_otras_tend3	0.000688069431329795	0.000535072105571609	0.0012034916300918
mextraccion_autoservicio	0.000677090153325343	0.000315129623873355	0.000742779990447285
ccomisiones_mantenimiento	0.000675633615674777	0.0019466266349164	0.000541571233541312
Master_mconsumototal	0.000670625880963826	0.000587590232226501	0.00094210829168124
Visa_mconsumospesos_eficiencia3	0.00066467586590349	0.000733189367728736	0.0016924101048166
Visa_mconsumosdolares_max3	0.000662327384553687	0.000906820234741944	0.00104553335364225
mautoservicio	0.000659259757776027	0.000971693498119343	0.00102296788557803
Master_msaldototal_ratioavg3	0.000658562336803467	0.00057974620747509	0.0010098046958739
ccuenta_debitos_automaticos	0.000658260287703849	0.000695452834029104	0.000791671837919765
ctrx_quarter_normalizado_avg3	0.000657558312788402	0.000651518686218097	0.00155513684075925
mtransferencias_emitidas_tend3	0.000655606736746849	0.000749217990435143	0.000908260089584908
mcuenta_debitos_automaticos_tend3	0.000652762254379612	0.00135192077504237	0.000955271481385369
chomebanking_transacciones_min3	0.000647864892843069	0.000681597334274585	0.00107750110006657
tmobile_app	0.000640056836442392	0.000410770352282061	0.000801074116279857
ccaja_ahorro_avg3	0.000638637684564996	0.000423537960995578	0.000310275185883043
mttarjeta_visa_debitos_automaticos_max3	0.000638500949145182	0.000849333114364468	0.00107750110006657
tmobile_app_eficiencia3	0.000637774199458089	0.00132384946340233	0.00144983132312622
mautoservicio_avg3	0.000636877327412248	0.000963324295169611	0.00100228287318583
ctarjeta_visa_transacciones_min3	0.000632950943842175	0.000925059821867303	0.000744660446119304
ctransferencias_recibidas_max3	0.00063047064574171	0.00145783699587277	0.000979717405121609
Visa_delinquency_eficiencia3	0.000626596729109116	0.00116320456059503	0.000660039940878474
mpayroll_sobre_edad_tend3	0.000625825538797166	0.00254322180673932	0.000537810322197275
matm	0.000615349350812982	0.000342609994981767	0.00074842135746334
Visa_mconsumosdolares_ratioavg3	0.000614494971173871	0.000595078240364794	0.000876292343160595
mpayroll_sobre_edad_eficiencia3	0.000613087983421532	0.00180626946307079	0.000723975433727101
mtransferencias_emitidas_avg3	0.000612449487075549	0.000868512806260806	0.000955271481385369
cpagomiscuentas_avg3	0.000610835029840097	0.000552740286544286	0.000597984903701865
Master_Fvencimiento_tend3	0.000610354155834248	0.000244339182337804	0.000703290421334898
ccaja_ahorro	0.000609957530173869	0.00533234421656694	0.000419341614860113
mpagomiscuentas_ratioavg3	0.000608845952189873	0.00121599371397349	0.00103613107528216
tmobile_app_max3	0.000605240341754091	0.000378915916677869	0.000503962120100943
mtransferencias_emitidas	0.000600649296524627	0.0011335822601765	0.00104177244229822
ctransferencias_emitidas_tend3	0.000598489197599565	0.00080713323076163	0.000633713561470215
Master_cconsumos_eficiencia3	0.000597258353949413	0.000533905770192123	0.000793552293591783
Visa_mpagado_ratioavg3	0.000590862853601798	0.000454608771408817	0.000795432749263802
ccomisiones_mantenimiento_max3	0.000589452924735811	0.000638460311853592	0.00051900576547709
matm_other_eficiencia3	0.000588825567359339	0.000532508601863539	0.00105305517633033
Visa_mconsumospesos_tend3	0.000587471596656347	0.000591213297012392	0.0010605769990184
Visa_mconsumototal_max3	0.000585308657662441	0.00101879487444946	0.00148555998089457
ccajas_consultas_avg3	0.000580103468383772	0.00152004570859761	0.000648757206846363
ccuenta_debitos_automaticos_avg3	0.00057856900305631	0.000848166574436511	0.000836802774048207
Master_mpagospesos_eficiencia3	0.000577248535033472	0.000786261923013249	0.001019206974234
ccajas_otras_eficiencia3	0.000575307927593903	0.000641695757287655	0.000928945101977111
cliente_edad_ratioavg3	0.000575210731416108	0.000733613089885629	0.0012542639332363
Master_msaldototal_min3	0.000574498722651845	0.000900023089063177	0.000866890064800503
ctarjeta_debito_avg3	0.00057150379873614	0.00100563299855882	0.0011414365929152
Visa_msaldopesos_tend3	0.000571065806026415	0.000830803682056238	0.00141034175401383
active_quarter_ratioavg3	0.00057022085464389	0.000840387289276053	0.00116964342799547
mtransferencias_emitidas_max3	0.000569086965756529	0.000977356422528512	0.000940227836009222
Visa_Fvencimiento_tend3	0.000567298866558862	0.000410881422101609	0.000720214522383064
Master_msaldopesos_tend3	0.000565939468956867	0.000623473556782298	0.000582941258325718
ccajas_depositos_eficiencia3	0.000561981300690133	0.00107435054589309	0.000898857811224816
ccajas_transacciones_ratioavg3	0.00055881541021463	0.000542986904093855	0.000872531431816558
Visa_mpagado	0.000557275631566517	0.000662164002274676	0.000705170877006916
thomebanking_avg3	0.000557228696388368	0.000772975988475176	0.00105305517633033
ccajas_transacciones_avg3	0.000551541844882287	0.000304451170964536	0.000470113918004611
Master_mlimitecompra_eficiencia3	0.000550759714069013	0.000508910253904826	0.000975956493777572
Visa_mpagado_avg3	0.000550295773880064	0.000745434355099813	0.000861248697784447
Master_cconsumos	0.000547425797254484	0.000381723548985626	0.000695768598646824
Master_mpagospesos_ratioavg3	0.000544898152232159	0.0014568352197379	0.000566017157277552
ccaja_ahorro_tend3	0.000544831805038435	0.0027302058024632	0.000189926022873863
cpagomiscuentas_ratioavg3	0.000542063195472796	0.000600876575861515	0.000799193660607839
ctarjeta_debito_min3	0.000541159390527805	0.000499272441340296	0.000951510570041332
mtarjeta_visa_consumo_min3	0.000539216140517061	0.000802929555141878	0.000904499178240871
matm_tend3	0.000535646217541972	0.00050501115095783	0.000675083586254621
ctarjeta_master_transacciones	0.00053376785964096	0.0002726116673987	0.000319677464243135
catm_trx_ratioavg3	0.000533554355936318	0.000368375738535191	0.000778508648215636
ccajas_consultas_max3	0.000530056454081327	0.00120183773251563	0.000633713561470215
ctransferencias_emitidas	0.000522248900830531	0.000836158045097473	0.000665681307894529
cproductos_tend3	0.000519767703037561	0.00600594994436856	0.000274546528114693
ccomisiones_otras_min3	0.000518486307077037	0.000974156670802573	0.000962793304073443
cpayroll_trx_eficiencia3	0.000515681338929088	0.000855108847255185	0.000802954571951875
Visa_mlimitecompra_tend3	0.000510632525922896	0.00223887730780222	0.000812356850311968
ccaja_ahorro_min3	0.000510549831010953	0.000422886371842411	0.000383612957091763
Visa_mfinanciacion_limite_tend3	0.000507686377709228	0.000606214165928159	0.000735258167759211
Visa_mpagado_tend3	0.000503736863253328	0.000670758719913269	0.000708931788350953
ctarjeta_visa_eficiencia3	0.000501573553549219	0.000555341631719421	0.00042310252620415
ctransferencias_emitidas_max3	0.000499180336808788	0.00151596762573882	0.000669442219238566
Master_mpagospesos_max3	0.000499161378563132	0.000266740410372203	0.000663800852222511
Master_mpagospesos_avg3	0.000496658345897628	0.000556347192000998	0.000750301813135359
Master_msaldototal_tend3	0.00049248279159856	0.000636919550498632	0.000703290421334898
ctransferencias_recibidas_tend3	0.000492204635086232	0.000874054433426896	0.000915781912272982
Master_msaldototal_avg3	0.000491955379184563	0.000417025342239445	0.00070140996566288
mextraccion_autoservicio_ratioavg3	0.000489188953994618	0.0003487692562549	0.000866890064800503
ctarjeta_debito_transacciones_min3	0.000488899051384355	0.000662646736665343	0.00062807219445416
ctransferencias_emitidas_avg3	0.000486684141005082	0.000883929113120406	0.000767225914183525
mautoservicio_min3	0.000484693991292786	0.00112121137322175	0.000658159485206455
cextraccion_autoservicio_max3	0.000483804041620131	0.000590223589237288	0.000806715483295912
cpagomiscuentas_eficiencia3	0.000481230386234717	0.000853934534485344	0.00108126201141061
Master_mpagospesos_min3	0.000479403814638489	0.000491200856415319	0.000599865359373884
Master_mpagospesos_tend3	0.000472113681235942	0.000629105901195109	0.000703290421334898
ctarjeta_debito	0.000471467539181279	0.000518707102905265	0.00101544606288996
Visa_Finiciomora_tend3	0.000471217657450689	0.00169075480525646	0.000251981060050471
ctransferencias_recibidas	0.000469959667470748	0.000834620045146867	0.000763465002839488
Visa_status_max3	0.000467687157371905	0.00119077984219381	0.000195567389889918
Master_mconsumospesos	0.000466914354191896	0.000618392265949343	0.000765345458511507
mforex_sell_eficiencia3	0.000466744200527005	0.000853205932832989	0.000776628192543617
matm_other_avg3	0.000465912761047496	0.000290508942658474	0.000535929866525256
ccallcenter_transacciones_max3	0.000462624442697063	0.000879411046501308	0.000957151937057388
ctarjeta_visa_debitos_automaticos_avg3	0.000462158386118603	0.000728125668064254	0.000880053254504632
Master_mfinanciacion_limite_ratioavg3	0.000461790624399936	0.000930336865586644	0.000754062724479396
Visa_mpagado_max3	0.000460871296377678	0.000494817989295562	0.000759704091495451
ctarjeta_visa_debitos_automaticos_min3	0.000460508985094465	0.0005083589957765	0.000481396652036722
Master_mpagominimo_max3	0.000458009518711579	0.000510998080144464	0.000644996295502326
cplazo_fijo_ratioavg3	0.000457538659682129	0.000704848768027123	0.000282068350802767
matm_max3	0.000454406966844324	0.000507731338794397	0.000708931788350953
cextraccion_autoservicio_tend3	0.00045272800636635	0.000264788711139763	0.000522766676821127
ccallcenter_transacciones	0.000450682374937827	0.00179503310420835	0.000718334066711045
cpagomiscuentas_tend3	0.000450048914144655	0.00193951693917452	0.000438146171580297
ccajas_extracciones_eficiencia3	0.000449885466310943	0.00183582129654119	0.000893216444208761
Visa_delinquency_max3	0.000448074297242537	0.000234535583237836	0.000137273264057346
Master_mfinanciacion_limite_tend3	0.000446545248293661	0.000533101894702578	0.000789791382247746
ctarjeta_debito_transacciones_tend3	0.000446401090999926	0.000725160226611412	0.000817998217328023
Master_mconsumototal_avg3	0.000446087893719193	0.000418077130475383	0.0006525181181904
matm_ratioavg3	0.000445468227965228	0.000300938766901252	0.000755943180151414
ccajas_consultas_tend3	0.00044506653025501	0.00158676696513285	0.000449428905612408
mpagomiscuentas_min3	0.000444955508208807	0.00174075115609129	0.00054345168921333
Master_mlimitecompra_tend3	0.000444229609316741	0.000599952323597009	0.000851846419424355
thomebanking	0.000441541265672412	0.00144268588610533	0.000475755285020666
mpagomiscuentas_avg3	0.000440452135689948	0.000994833043858451	0.000692007687302787
ccaja_seguridad_avg3	0.000438287981579594	0.00195544492403338	0.000199328301233955
ccuenta_debitos_automaticos_max3	0.000434911952834723	0.000779555494581202	0.000601745815045902
mcuenta_debitos_automaticos_max3	0.000433244349415552	0.000898025366424847	0.0012128939084519
mtransferencias_emitidas_min3	0.000431975109766027	0.00152084314081033	0.000541571233541312
Visa_mconsumosdolares_avg3	0.000431963722061033	0.000709361311837514	0.000913901456600964
mextraccion_autoservicio_max3	0.000431365273924515	0.000687544990154859	0.000733377712087193
Visa_mfinanciacion_limite_ratioavg3	0.000430128505726929	0.000730673216991615	0.000789791382247746
Master_mconsumospesos_eficiencia3	0.000429537749273921	0.000284316135436159	0.000562256245933515
Master_fechaalta_tend3	0.000426891490784726	0.000190448535445039	0.000535929866525256
catm_trx_max3	0.000425514037812878	0.000328828541773613	0.000586702169669754
cpagomiscuentas	0.000422223084749695	0.000888444009238209	0.000421222070532131
mpayroll_sobre_edad_avg3	0.000421292427835842	0.000773111808659669	0.000349764754995431
cforex_sell_eficiencia3	0.000419316972916261	0.000434418200970665	0.000528408043837183
ccaja_ahorro_eficiencia3	0.000418951020809093	0.00205338447042917	0.000206850123922029
ctarjeta_master_transacciones_eficiencia3	0.000418323048151845	0.000692753816959247	0.000740899534775267
Master_msaldopesos_ratioavg3	0.000416716290657978	0.000404089083311901	0.000739019079103248
mttarjeta_master_debitos_automaticos_ratioavg3	0.000415196841092992	0.000326616247789602	0.000404297969483965
ctarjeta_visa_debitos_automaticos_tend3	0.000414555117008851	0.000449445865736083	0.000432504804564242
cextraccion_autoservicio_avg3	0.000412232844401757	0.00046097043339363	0.000629952650126179
mextraccion_autoservicio_tend3	0.000410934102769707	0.000473264205574951	0.000626191738782142
Master_mconsumototal_max3	0.000410443158307097	0.000353160605096448	0.000658159485206455
cplazo_fijo	0.000409436967396757	0.00205812385849348	0.000184284655857807
mtarjeta_master_consumo_eficiencia3	0.000409141755930227	0.000477691350398857	0.000786030470903709
ccaja_seguridad_eficiencia3	0.000406405115492973	0.000997127157230712	0.00025386151572249
mplazo_fijo_dolares_eficiencia3	0.000404657910746682	0.00278249555075065	0.000582941258325718
ccajas_consultas	0.000404166773883008	0.00209555489905224	0.000528408043837183
Master_mpagominimo_ratioavg3	0.000403826388689943	0.000290203858614541	0.000505842575772961
matm_other_ratioavg3	0.000403387885193745	0.000358588503312872	0.000528408043837183
Master_mconsumototal_tend3	0.000388876988652122	0.0003052663988942	0.000475755285020666
Master_msaldopesos_min3	0.000387267809005615	0.000706706886334253	0.000686366320286732
cseguro_vida_eficiencia3	0.000387028478304644	0.000978997310359841	0.000686366320286732
mpayroll_avg3	0.000383729046146076	0.00109469964139597	0.000488918474724795
Visa_mlimitecompra_ratioavg3	0.000380707731900943	0.000377857582890871	0.00068824677595875
ctarjeta_visa_debitos_automaticos	0.000380649997911574	0.000489607117006468	0.000629952650126179
ccajas_extracciones_ratioavg3	0.000378345415221566	0.000562479964247186	0.000456950728300482
mttarjeta_master_debitos_automaticos_eficiencia3	0.000377806071878613	0.000725706575576444	0.000502081664428924
internet_tend3	0.000376657345127524	0.000420421869594123	0.000707051332678935
mpagomiscuentas_max3	0.000376633006811752	0.000814992801196808	0.000725855889399119
Visa_delinquency_avg3	0.000375544719105938	0.000564578017910355	0.000261383338410564
tcallcenter_ratioavg3	0.000374010775440298	0.000679673658182621	0.000699529509990861
Master_mlimitecompra_ratioavg3	0.000373321690591935	0.000322896022480165	0.000644996295502326
ctarjeta_master_eficiencia3	0.000371416232690898	0.000498983312077072	0.000372330223059652
Visa_status_ratioavg3	0.000370710072041604	0.00124742054099985	0.000139153719729365
Visa_mconsumosdolares_min3	0.000370515395024725	0.000440110478085368	0.000661920396550492
Visa_mconsumosdolares_tend3	0.000364179900976663	0.000627662095815224	0.000759704091495451
catm_trx_avg3	0.00036387495156398	0.000497575302679546	0.000588582625341773
ctarjeta_debito_max3	0.000362872947014165	0.000474054376316963	0.000889455532864724
mpagomiscuentas_tend3	0.000362783601745861	0.00111264140594811	0.000524647132493146
ctarjeta_visa_debitos_automaticos_max3	0.000358391585697121	0.000494101865099915	0.000658159485206455
ccajas_otras_ratioavg3	0.000358020518049809	0.000593691197185507	0.000545332144885349
ccajas_otras_avg3	0.000357212200200157	0.000745617016884078	0.000541571233541312
matm_other	0.000356107945956832	0.00069095890412954	0.000633713561470215
Visa_mpagosdolares_avg3	0.000351570532613825	0.000284659265495627	0.000408058880828002
active_quarter_avg3	0.000349567819588494	0.000357403656296794	0.000829280951360134
tmobile_app_avg3	0.000349173748043494	0.000318173816487387	0.000692007687302787
cseguro_vida_avg3	0.00034443049237146	0.000676166674653807	0.000549093056229386
Master_msaldopesos_avg3	0.000343872311659499	0.000533781609270455	0.00062807219445416
active_quarter_min3	0.000336042544629249	0.000225885023866763	0.000424982981876168
Visa_msaldodolares_max3	0.000334068325634025	0.000374507692587496	0.000453189816956445
ccuenta_debitos_automaticos_tend3	0.000332279905472143	0.0023805777494544	0.000402417513811947
Master_mconsumospesos_max3	0.000331921261227968	0.000346943661154599	0.000609267637733976
cpagomiscuentas_max3	0.000330805620056064	0.000683114674829658	0.000534049410853238
ccaja_seguridad_min3	0.000329465022471993	0.00100696900689469	0.000103425061961014
tmobile_app_tend3	0.000327369174959405	0.000415342828794344	0.000635594017142234
thomebanking_tend3	0.000325725586950755	0.000832835768837631	0.000577299891309662
cforex_buy_eficiencia3	0.000325139623947875	0.000238406867592827	0.000347884299323412
tmobile_app_ratioavg3	0.00031903051510325	0.00165898699592957	0.00076158454716747
cpayroll_trx_tend3	0.000317406969608675	0.000333107286682083	0.000233176503330287
Master_mpagominimo_avg3	0.000315553420186791	0.000414300245239584	0.000547212600557367
ctarjeta_master_transacciones_ratioavg3	0.000314435392216838	0.000522543307197544	0.000368569311715615
cpayroll_trx_max3	0.000312937578013584	0.000641507470420447	0.000236937414674324
Master_cconsumos_avg3	0.000310961969319563	0.000340869287496775	0.000481396652036722
cseguro_accidentes_personales_ratioavg3	0.000310058903637654	0.000930537323087853	0.00042310252620415
Master_mconsumototal_eficiencia3	0.000309495026433387	0.000392414479351153	0.000550973511901404
Master_cconsumos_max3	0.000308700851129443	0.000345428877455408	0.000440026627252316
active_quarter	0.000307169827908187	0.000321630378818192	0.000509603487116998
Visa_msaldodolares_min3	0.000306959036008712	0.000753414506858423	0.000394895691123873
Master_mconsumospesos_ratioavg3	0.000306178246545795	0.000326526144188293	0.000417461159188095
Visa_msaldodolares	0.000304925004906298	0.00046081599929831	0.000424982981876168
Visa_mpagosdolares_tend3	0.000304766446653921	0.000331290998537196	0.000359167033355523
matm_other_max3	0.000303610610918417	0.000238498607581901	0.000505842575772961
Master_mconsumospesos_min3	0.000302826369943586	0.000324448647646421	0.000408058880828002
ctarjeta_visa_descuentos_eficiencia3	0.000300544174944338	0.000663751400680937	0.000477635740692685
Visa_Finiciomora_ratioavg3	0.000299134860155684	0.00218888515021103	0.000227535136314232
ccajas_depositos_avg3	0.000299017387785228	0.000330108606102766	0.000351645210667449
cseguro_vida_ratioavg3	0.000296398538763793	0.00114859979979262	0.000500201208756906
cextraccion_autoservicio_min3	0.000293846424827228	0.000434600555932225	0.000304633818866988
mtarjeta_master_consumo_avg3	0.000291152591527421	0.000212309960065466	0.000310275185883043
Master_cconsumos_tend3	0.000289998522889173	0.00055655000180962	0.000349764754995431
ccallcenter_transacciones_avg3	0.00028925212185673	0.00105714096259155	0.000729616800743156
Visa_msaldodolares_ratioavg3	0.000288502565619881	0.000195989958062658	0.00037421067873167
ccajas_depositos_ratioavg3	0.000285752003321655	0.000486149429659074	0.000496440297412869
mforex_buy_eficiencia3	0.000283493982077123	0.000306367892408499	0.000323438375587172
mplazo_fijo_dolares	0.000282578859321082	0.0021793090090104	0.000376091134403689
Master_delinquency_eficiencia3	0.00028212544048608	0.000704070051999465	0.0001936869342179
Master_delinquency	0.000281427754589795	0.000190338283819374	0.000227535136314232
Master_cconsumos_ratioavg3	0.000281156618007137	0.000243001537614172	0.000364808400371578
mtarjeta_master_consumo_max3	0.000280048966173887	0.000252128183550618	0.000443787538596353
catm_trx	0.000278884080972256	0.000221838339198213	0.000413700247844058
ctarjeta_debito_eficiencia3	0.000277259185270653	0.00293331578596551	0.000560375790261496
catm_trx_tend3	0.00027635421359093	0.000381423680927695	0.000451309361284426
catm_trx_other_avg3	0.000271888196997649	0.000446280375878973	0.000436265715908279
ctransferencias_recibidas_min3	0.000270949678498606	0.000290182176476655	0.000377971590075707
cseguro_vivienda_ratioavg3	0.000269482689415766	0.000298444809673193	0.00039865660246791
Master_mconsumospesos_tend3	0.000269248201700169	0.000164883658489766	0.000408058880828002
thomebanking_max3	0.000267738023389662	0.000773638827794227	0.000468233462332592
Master_mconsumospesos_avg3	0.000266983382780167	0.000451999755666034	0.000511483942789017
ctarjeta_master_transacciones_tend3	0.000266240692937019	0.000757024378267959	0.00037421067873167
mprestamos_hipotecarios_avg3	0.000265248120930707	0.000367032264180146	7.14573155367009e-05
mcaja_ahorro_adicional_eficiencia3	0.000264462961823527	0.00123657926750842	0.000424982981876168
ccajas_otras_tend3	0.000261981344628072	0.00100856397359436	0.000334721109619283
active_quarter_max3	0.000261553441352898	0.000114795260843157	0.000364808400371578
Visa_Finiciomora_min3	0.000260020463957308	0.000981202854244322	0.000257622427066527
ctarjeta_master_min3	0.000259079725977544	8.69752369992775e-05	8.462050524083e-05
ccuenta_debitos_automaticos_min3	0.000258383335429055	0.000628653133155387	0.000396776146795892
ctarjeta_debito_ratioavg3	0.000257391602360813	0.00433139363932337	0.00042310252620415
cseguro_vida	0.000257332358910706	0.000514107932817565	0.000500201208756906
ctarjeta_master_transacciones_avg3	0.000255936298593743	0.000293729762876887	0.000263263794082582
ccajas_depositos_max3	0.000253683435120758	0.000428434237736855	0.000280187895130748
mcheques_depositados_eficiencia3	0.000253313540718968	0.000612224209091973	0.000372330223059652
Master_msaldodolares_eficiencia3	0.000252644210634368	0.000354987529761808	0.000280187895130748
ccajas_otras_max3	0.000250208462183995	0.000295641370609084	0.000361047489027541
ccaja_seguridad	0.000248021600782937	0.00392994916318814	0.000167360554809641
mcaja_ahorro_adicional_max3	0.000246558572190548	0.00018382198319077	0.000221893769298176
mprestamos_prendarios_eficiencia3	0.000246355210677823	0.00121899433776328	0.000436265715908279
cseguro_accidentes_personales_eficiencia3	0.000246110942096987	0.0013008636358389	0.000650637662518381
catm_trx_other_tend3	0.000244972472164328	0.000290109254946878	0.000346003843651394
catm_trx_other_ratioavg3	0.000244969088854883	0.000224957601100963	0.00042310252620415
tcallcenter_tend3	0.000244428005655731	0.000214217272279781	0.000319677464243135
Master_mconsumototal_min3	0.000243669255894589	0.000276904117054702	0.000383612957091763
ccomisiones_mantenimiento_min3	0.000242966178642449	0.000573416659600165	0.000274546528114693
mttarjeta_master_debitos_automaticos_max3	0.000235795926874515	0.000156396124249779	0.000283948806474785
catm_trx_other_max3	0.000235393061930442	0.000605301163829538	0.000400537058139929
cdescubierto_preacordado_max3	0.000233598415767099	0.000425892518440907	0.000287709717818822
ccajas_transacciones_tend3	0.000233054712601526	0.00037843103452826	0.000327199286931209
Master_Finiciomora_min3	0.000232660495384525	0.000628741907191637	0.000103425061961014
mprestamos_prendarios_ratioavg3	0.000230314629082002	0.00140997326739264	0.000308394730211025
mextraccion_autoservicio_min3	0.000229619530298712	0.000569253586851832	0.000351645210667449
Visa_msaldodolares_avg3	0.000229600131498821	0.000744303099783038	0.000436265715908279
tcallcenter	0.000229057389368046	0.000463105101233041	0.000310275185883043
Master_mpagominimo_min3	0.000228152504064438	0.000368562798111575	0.000349764754995431
Visa_mpagosdolares_ratioavg3	0.00022723671143459	0.000268735473880414	0.000300872907522951
matm_other_min3	0.000225966586051384	0.000240223667108891	0.000199328301233955
cplazo_fijo_eficiencia3	0.00022577775776506	0.000255837772339582	0.000357286577683504
Master_mconsumototal_ratioavg3	0.000225775757272053	0.00028829429636705	0.000330960198275246
cforex_ratioavg3	0.000224848846292045	0.000154394412916273	0.00028959017349084
cseguro_accidentes_personales	0.000224827815141637	0.000265815646736521	0.000456950728300482
Master_mpagado_eficiencia3	0.000224647605184004	0.000175497985453045	0.000272666072442674
matm_other_tend3	0.000222701074389352	0.000271076122029741	0.000351645210667449
ccheques_depositados_eficiencia3	0.000220693778771439	0.000629905583441005	0.000349764754995431
cpagomiscuentas_min3	0.000217984196967954	0.000664581458374721	0.000310275185883043
ccaja_seguridad_ratioavg3	0.000217217710868374	0.00117193816664517	0.000157958276449549
mpagodeservicios_eficiencia3	0.000215739236457508	0.000401796197230464	0.000302753363194969
mcheques_emitidos_rechazados_avg3	0.000215410216109574	0.000221186340948106	9.21423279289037e-05
mplazo_fijo_dolares_ratioavg3	0.000215042569688464	0.00135550855521708	0.000300872907522951
Visa_mpagosdolares	0.000214414861400359	0.000242247674225695	0.000526527588165164
Master_status_max3	0.000214249523036119	0.00108370792250439	0.000225654680642213
mcaja_ahorro_adicional_ratioavg3	0.00021311345801415	0.000255168387469472	0.000251981060050471
mtarjeta_visa_descuentos_eficiencia3	0.000212749405510468	0.00041533812417952	0.000308394730211025
catm_trx_other	0.000210688751392741	0.00047004440809889	0.00036292794469956
mforex_sell_max3	0.000210499890596832	0.000289221310035908	0.000261383338410564
tcallcenter_avg3	0.00020856771224046	0.000306237185935772	0.000332840653947265
ccajeros_propios_descuentos_eficiencia3	0.000208564678894314	0.000395207690991731	0.000250100604378453
cdescubierto_preacordado_avg3	0.000208024113086704	0.000705772202097746	0.000415580703516076
mforex_sell_avg3	0.000207327232620655	0.000301695698516788	0.000342242932307357
ccaja_seguridad_max3	0.000206934512386301	0.000429471809854085	8.83814165848668e-05
ccajas_transacciones	0.000206791953486041	0.000166647275403469	0.000312155641555062
mprestamos_prendarios	0.000206254601712873	0.00157331606225322	0.000268905161098637
mplazo_fijo_dolares_min3	0.000205580190893684	0.000910214307514974	0.000206850123922029
Visa_mpagado_min3	0.000205553868772271	0.000853107647292855	0.000344123387979375
Visa_mpagosdolares_max3	0.00020486075232498	0.000292474346638445	0.000280187895130748
cseguro_vivienda_eficiencia3	0.000202793320446816	0.000231442503539326	0.000404297969483965
mplazo_fijo_dolares_max3	0.000202559170981749	0.000352733610164024	0.000336601565291301
mcheques_emitidos_eficiencia3	0.000201737174360964	0.00128368135975818	0.000304633818866988
mplazo_fijo_dolares_avg3	0.000201423747261533	0.000291763131606092	0.000261383338410564
ctarjeta_master_debitos_automaticos_eficiencia3	0.00020115685208719	0.000461915549602139	0.000361047489027541
mttarjeta_master_debitos_automaticos	0.00019948572470554	0.000305707814493802	0.000353525666339467
Master_delinquency_ratioavg3	0.000198608877909642	0.00036229778527913	0.000103425061961014
cseguro_vida_max3	0.000197947598860921	0.000376014907993274	0.000406178425155984
mforex_sell	0.000195263618721635	0.000339917421188735	0.000327199286931209
Visa_delinquency	0.000194981720129805	0.00119638109523909	0.000310275185883043
mcheques_depositados_avg3	0.000194835615305626	0.000346079137043516	0.000216252402282121
mtarjeta_visa_descuentos	0.000194738456334725	0.00151827718252061	0.000327199286931209
active_quarter_tend3	0.000194218741632543	0.000492249883246904	0.00043438526023626
Visa_mpagosdolares_eficiencia3	0.000193560715910385	0.000449338580063242	0.000490798930396814
ccajas_otras	0.000192635097666093	0.00146372144627562	0.000421222070532131
ccheques_depositados_ratioavg3	0.000191314329952798	0.000294209940411672	0.000188045567201844
matm_min3	0.000190393067965165	0.000479673527353419	0.000342242932307357
ccheques_emitidos_eficiencia3	0.000189956857498326	0.0011156684164906	0.000276426983786711
Master_msaldodolares	0.000189188926796351	0.000396754997897751	0.000319677464243135
mforex_sell_tend3	0.000186704626489792	0.00039900595154271	0.000272666072442674
catm_trx_min3	0.000186581996541892	0.000592820536620304	0.000257622427066527
mcaja_ahorro_adicional_avg3	0.000185637081801414	0.00018924016535484	0.000210611035266066
mtarjeta_master_consumo_tend3	0.000183377151858254	0.000421878561527657	0.00028959017349084
ccajas_extracciones_tend3	0.000183127008398331	0.000518139071802347	0.000236937414674324
ctarjeta_master_tend3	0.000182429615598526	0.000621876749146388	9.21423279289037e-05
cseguro_accidentes_personales_avg3	0.000178184569771132	0.000376120659552585	0.000391134779779836
cprestamos_prendarios_eficiencia3	0.000178011912757281	0.000676641124831415	0.000233176503330287
minversion2_ratioavg3	0.0001762158912699	0.000948758705399328	0.000221893769298176
thomebanking_min3	0.000175763443202605	0.00010372264303145	0.000300872907522951
cplazo_fijo_avg3	0.000175331985973168	0.00056743760552965	0.000225654680642213
tcuentas_max3	0.000175080076669342	0.000283100503875252	0.000141034175401383
ccajas_transacciones_max3	0.000174984981874075	8.2578569897494e-05	0.000302753363194969
cforex_sell_avg3	0.000172425704487617	0.00022685437906904	0.000225654680642213
mcheques_depositados_ratioavg3	0.000172317629045421	0.000334731912909998	0.000176762833169734
minversion2	0.000171860379170451	0.00138877693212444	0.000218132857954139
Master_mpagado_avg3	0.000171719296089996	0.000214909259755895	0.000250100604378453
Master_mpagado	0.000171560470484827	0.000151731396377246	0.000244459237362398
mttarjeta_master_debitos_automaticos_min3	0.000171366764501855	0.000310863049598887	0.000255741971394508
tcallcenter_max3	0.000171334251716933	0.000110998329857237	0.000238817870346342
mcaja_ahorro_adicional	0.000170334957397273	0.000513254761146601	0.000280187895130748
Visa_msaldodolares_tend3	0.000168843925185915	0.000275772861737927	0.000272666072442674
Master_mconsumosdolares_eficiencia3	0.000166664354106428	0.000244701233130805	0.000231296047658269
internet_min3	0.000166378066637439	0.000129489204778756	0.000317797008571117
ccajas_extracciones_max3	0.000164800661139448	0.000120664779207654	0.000195567389889918
ctarjeta_master_debitos_automaticos_avg3	0.0001636451149511	0.000619980584823722	0.000191806478545881
Visa_madelantodolares	0.000161768992957522	0.000120748337257903	0.000154197365105512
cforex_sell_ratioavg3	0.000160560181261636	0.000135774979280968	0.00022941559198625
mtarjeta_visa_descuentos_max3	0.000160528406730458	0.000420717442134171	0.000261383338410564
tcuentas_min3	0.000160457710040427	0.000182086082594837	0.000127870985697254
mtarjeta_visa_descuentos_avg3	0.000159835232412556	0.000482948962013488	0.000242578781690379
mplazo_fijo_dolares_tend3	0.000158317497847414	0.000921678124276746	0.000238817870346342
mpagodeservicios	0.000158167736903912	0.00110113708858915	0.000325318831259191
cseguro_vivienda_avg3	0.00015701622697298	0.000226159834737043	0.000319677464243135
Master_Finiciomora_max3	0.000156588700918799	0.000783553292165273	0.000139153719729365
ccajas_extracciones_avg3	0.000156407985348941	0.000436718450797044	0.000268905161098637
ccajas_depositos	0.000155938452757143	0.00100060806082952	0.000285829262146803
Master_mpagado_min3	0.000154109728989787	0.000118622260454259	0.00012034916300918
mforex_buy_avg3	0.000153025330438567	0.00058502938764855	0.000199328301233955
minversion2_eficiencia3	0.000151826457857835	0.000405759937494177	0.000238817870346342
cseguro_vivienda	0.000151439051670633	0.00044371063344255	0.000280187895130748
ctarjeta_master_transacciones_max3	0.000150017785477863	0.000228909273004908	0.000246339693034416
mprestamos_prendarios_max3	0.00014996612410372	0.000664388364618454	0.000157958276449549
catm_trx_other_min3	0.000149577806339326	0.000509218712998524	0.000161719187793586
tcuentas_avg3	0.000144136293207915	0.000381728151326215	0.000267024705426619
cseguro_accidentes_personales_min3	0.000140844451000372	0.000222211026511686	0.00027830743945873
cforex_max3	0.000140454480876149	0.000254439069897469	0.000171121466153678
ccheques_emitidos_rechazados_avg3	0.000139239784351978	0.00149424744183736	9.21423279289037e-05
Master_delinquency_tend3	0.000139210637024513	0.000830752954035523	7.14573155367009e-05
ccheques_emitidos_avg3	0.000138796751236851	0.000358000119637128	9.59032392729406e-05
ctarjeta_master_debitos_automaticos_ratioavg3	0.000138165064800412	0.000707249757975284	0.000225654680642213
Master_status_tend3	0.000137914777515246	0.000952387088445455	0.000146675542417439
mcheques_depositados_max3	0.000137727760592898	0.0002854594591127	0.000174882377497715
Master_mpagosdolares	0.000137639320806933	0.000283554908302739	0.000165480099137623
tmobile_app_min3	0.000136733930173937	8.53196216780635e-05	0.00027830743945873
mforex_buy_max3	0.000135032634856848	0.000376878102539298	0.00014479508674542
cforex_buy_ratioavg3	0.00013450463712613	0.000552584931980849	0.000163599643465605
mpagodeservicios_ratioavg3	0.000133891077927799	0.000227752551403541	0.000118468707337162
tcuentas_eficiencia3	0.000133384121052671	0.000221178159009281	0.000282068350802767
mtarjeta_visa_descuentos_ratioavg3	0.00013329839241192	0.000217413239859013	0.000137273264057346
Visa_status_tend3	0.00013328211543061	0.000436306694725682	0.000178643288841752
cforex_tend3	0.000132090007477819	6.06261212076402e-05	0.000129751441369273
Master_mconsumosdolares	0.000131114900422486	0.000216659376470536	0.000276426983786711
minversion2_min3	0.000130940463056873	0.00132176061442034	0.000171121466153678
ctarjeta_debito_tend3	0.000129898812275118	0.000989929301097996	0.00016924101048166
mpagodeservicios_max3	0.000129224816904245	0.00018748871907514	0.00016924101048166
cforex_sell_tend3	0.000129021409810443	0.000371733810777392	0.000154197365105512
ccajas_extracciones	0.000127269322115613	0.000237138360252265	0.000255741971394508
ctarjeta_master_transacciones_min3	0.000125004130982492	0.000237821654418377	0.000163599643465605
kmes_tend3	0.000124962758010212	0.000364001878587882	0.000325318831259191
minversion1_pesos_ratioavg3	0.000124854768095622	0.000447283277030433	0.00014479508674542
mcaja_ahorro_adicional_min3	0.000124205009818251	0.000574033066416384	0.000189926022873863
ctarjeta_master_descuentos_eficiencia3	0.000123984271366679	0.000175337312629372	0.000163599643465605
cliente_edad_tend3	0.000123737592939374	0.000142862276965313	0.000325318831259191
cseguro_auto_eficiencia3	0.000123690977111607	0.000390084774545005	0.000199328301233955
Master_mpagado_max3	0.000123248391255608	0.00022004986964533	0.000199328301233955
mcheques_emitidos_ratioavg3	0.000123095005138449	0.000655809090389393	0.000150436453761476
ccajas_depositos_tend3	0.000122834573077013	0.000205899410996174	0.000220013313626158
mcaja_ahorro_adicional_tend3	0.000121610907905922	0.000374570284419506	0.000133512352713309
Master_mpagado_ratioavg3	0.000120356762508835	0.000189017412070333	0.000150436453761476
mforex_buy_ratioavg3	0.000119520307790846	0.000656828150870031	0.00016924101048166
mprestamos_prendarios_tend3	0.00011881317495966	0.000567389945735995	0.000210611035266066
mcheques_depositados_rechazados_eficiencia3	0.000117898845843448	0.000298042565105715	0.000129751441369273
mcheques_emitidos_max3	0.000117794237430365	0.000210982849588071	0.000157958276449549
cprestamos_hipotecarios_max3	0.000117709713901406	0.000745243511376723	5.26527588165164e-05
mttarjeta_master_debitos_automaticos_avg3	0.000116142856122181	0.000158609134153438	0.000184284655857807
mpagodeservicios_tend3	0.000115670111769726	0.000163761403305699	0.000110946884649088
ctransferencias_emitidas_min3	0.000115297795969528	0.000182497736391964	0.000199328301233955
mtarjeta_master_consumo_min3	0.000115119954298004	0.000195264322363127	0.000180523744513771
mcheques_emitidos_rechazados_max3	0.000115108036373991	0.000238079078668655	6.39354928486271e-05
mttarjeta_master_debitos_automaticos_tend3	0.000113978340019651	0.000602390643641058	0.000195567389889918
mprestamos_hipotecarios_eficiencia3	0.000113783994947706	0.00148792781456326	0.000137273264057346
mprestamos_hipotecarios_max3	0.000113783586198738	0.000869820893730434	9.59032392729406e-05
Master_mpagosdolares_eficiencia3	0.000113726664150395	0.000248389139781884	0.000133512352713309
cinversion1_eficiencia3	0.000113509803063008	0.000371629081960433	0.000157958276449549
ccheques_depositados_max3	0.000112517264359334	0.000301375784708735	0.000114707795993125
ctarjeta_master_debitos_automaticos	0.000112334561140583	0.00036651894979312	0.000157958276449549
minversion1_pesos	0.000112119303016424	0.00183259055572195	0.000182404200185789
mcajeros_propios_descuentos_eficiencia3	0.000111559610514483	0.000283486691387787	0.000173001921825697
cinversion2_ratioavg3	0.00011119232100558	0.000134337105806731	6.39354928486271e-05
cseguro_accidentes_personales_max3	0.000109905893906715	0.000230639650792135	0.000210611035266066
ctarjeta_visa_descuentos_ratioavg3	0.00010963643601543	0.000609258051719484	0.000161719187793586
Master_mpagado_tend3	0.000109513008501264	0.000147924135693559	0.000163599643465605
Master_cconsumos_min3	0.000108513957598646	0.000220862642993347	0.000199328301233955
Master_msaldodolares_min3	0.000108342498121	0.000257411159175606	9.40227836009222e-05
Master_msaldodolares_ratioavg3	0.000108092525766199	0.000216759093849964	0.000125990530025236
ctarjeta_master	0.000108082710805272	0.000132032662736704	0.000171121466153678
cprestamos_hipotecarios_eficiencia3	0.000107970808493564	0.000571478869663728	9.02618722568853e-05
ccheques_emitidos	0.000107796870623139	0.00116828370366904	0.000154197365105512
cpagodeservicios_eficiencia3	0.000107226642619869	0.000468608273286654	0.000250100604378453
cpagodeservicios_avg3	0.000107198696250379	0.000197868838039556	0.000114707795993125
ccheques_emitidos_rechazados_eficiencia3	0.000106814128318539	0.000166387498845779	9.02618722568853e-05
mtarjeta_visa_descuentos_tend3	0.00010626485364676	0.000408038812005376	0.00016924101048166
cpagodeservicios_ratioavg3	0.000105536698394283	0.000116518990805088	0.000135392808385328
ctarjeta_visa_descuentos_avg3	0.000105344568388589	0.000252597315467989	0.00014479508674542
mcajeros_propios_descuentos_ratioavg3	0.000105183144401323	8.73594813013409e-05	0.000118468707337162
ctarjeta_master_debitos_automaticos_max3	0.000104749846370707	0.000191586131764403	0.000129751441369273
cplazo_fijo_max3	0.000104625797170346	0.000120766644346024	0.00010906642897707
cforex_avg3	0.000103905894427769	0.000496056530285178	0.000216252402282121
ccheques_emitidos_ratioavg3	0.000103216725493714	0.000925067696983422	0.000152316909433494
cplazo_fijo_tend3	0.000102927908388587	0.000555955277131287	8.83814165848668e-05
cseguro_vida_min3	0.000102209166047418	0.000338178861462684	0.000270785616770656
ctarjeta_visa_descuentos_max3	0.000101836662571193	0.000707440601698374	0.000178643288841752
ccajas_otras_min3	0.000100297329052614	0.00104075039136637	0.000114707795993125
cseguro_accidentes_personales_tend3	9.89135645960677e-05	0.000588965104771786	0.00010906642897707
tcuentas	9.86712360920973e-05	0.000155123219117099	0.000176762833169734
cforex_sell_max3	9.84854255404426e-05	0.000611524755596682	0.000163599643465605
minversion1_pesos_tend3	9.827749776757e-05	0.00120877959623736	0.000110946884649088
cseguro_vida_tend3	9.8018473861415e-05	0.000180815222946863	0.00010906642897707
Master_delinquency_max3	9.8012236868143e-05	0.000165035535729203	9.21423279289037e-05
Master_delinquency_avg3	9.79063337949448e-05	0.000373677737167947	9.77836949449591e-05
tcuentas_ratioavg3	9.49902688653498e-05	0.000645122557815984	0.00012034916300918
cinversion1_ratioavg3	9.47284258202674e-05	0.000101640237326283	7.33377712087193e-05
ctarjeta_master_ratioavg3	9.41342954524309e-05	0.000758335124867704	0.000124110074353217
Master_mpagosdolares_max3	9.38758539403508e-05	0.000201573108568285	8.65009609128484e-05
minversion1_pesos_eficiencia3	9.2352714770394e-05	0.000529478523093981	0.000167360554809641
minversion1_pesos_avg3	9.08296144267089e-05	0.00103202864912752	0.000118468707337162
mprestamos_prendarios_min3	9.07240591095728e-05	0.000413432652901441	0.000129751441369273
cprestamos_prendarios_ratioavg3	9.03451082816545e-05	0.000268675643452757	0.000124110074353217
mcheques_depositados_tend3	9.00098323065007e-05	0.00014238772451347	0.000116588251665143
minversion2_max3	8.96764971568979e-05	0.000337354633400313	0.000133512352713309
Master_Finiciomora_avg3	8.95763222537181e-05	0.00111654613397804	0.000110946884649088
cprestamos_prendarios_avg3	8.71928407142605e-05	0.000412097462759456	8.462050524083e-05
Visa_Finiciomora_eficiencia3	8.6326717378554e-05	0.000657365499702355	0.000150436453761476
mcheques_emitidos_avg3	8.62827663107794e-05	0.00021145597020062	0.000124110074353217
mcheques_emitidos_rechazados_tend3	8.48991409378018e-05	0.000196699638981481	3.57286577683504e-05
ccajeros_propios_descuentos_avg3	8.46293772722966e-05	0.000244695608047863	8.65009609128484e-05
minversion1_pesos_max3	8.3744182373235e-05	0.00108532303722843	0.000118468707337162
cforex	8.36850280666066e-05	9.44169149089747e-05	0.000148555998089457
cseguro_vivienda_max3	8.36470834801797e-05	0.000226664148991362	0.000159838732121568
ctarjeta_master_debitos_automaticos_tend3	8.32198626789121e-05	0.000188931808535377	8.27400495688115e-05
ccheques_depositados_rechazados_eficiencia3	8.29884982293541e-05	0.000370610737399442	0.000110946884649088
cinversion2_avg3	8.28038477130832e-05	0.000449763836333665	0.000118468707337162
ccheques_emitidos_rechazados	8.24633742805081e-05	0.00119347671150472	6.7696404192664e-05
Master_msaldodolares_tend3	8.14988094535806e-05	0.000211545460156517	0.000110946884649088
Visa_madelantopesos_eficiencia3	8.05556633021845e-05	0.000419775394152722	0.000116588251665143
Master_mpagosdolares_avg3	8.01889174609092e-05	0.000115743956649902	8.08595938967931e-05
mcheques_depositados_rechazados	7.96931360245917e-05	0.000416950579773433	7.14573155367009e-05
Master_mconsumosdolares_tend3	7.9450886714902e-05	9.15498612705021e-05	7.70986825527562e-05
ccajas_transacciones_min3	7.91776792018034e-05	8.6959282218569e-05	0.000127870985697254
cprestamos_hipotecarios_avg3	7.80377904880763e-05	0.000488223039780004	5.26527588165164e-05
mprestamos_hipotecarios_ratioavg3	7.72502640819427e-05	0.000525948221039517	6.01745815045902e-05
Master_mconsumosdolares_max3	7.693608510824e-05	7.29572234848493e-05	7.52182268807377e-05
mtarjeta_master_descuentos_eficiencia3	7.68976109738378e-05	7.18980715039688e-05	7.52182268807377e-05
mcheques_emitidos_tend3	7.68560487616111e-05	0.000705812600420694	0.000110946884649088
minversion2_tend3	7.55708189438443e-05	0.000546118541179077	9.77836949449591e-05
minversion2_avg3	7.54434124605619e-05	0.000322049907731437	0.000107185973305051
cforex_sell	7.45479487585586e-05	0.000148157627772774	0.000131631897041291
mforex_buy	7.40968226035283e-05	0.000817441450938623	0.000118468707337162
mprestamos_hipotecarios	7.39018956532702e-05	0.00175116236642324	8.08595938967931e-05
cpagodeservicios	7.19751780420282e-05	0.000273248222239275	0.000137273264057346
ccheques_emitidos_tend3	7.18387236121737e-05	0.00021460028929102	6.58159485206455e-05
ccallcenter_transacciones_min3	7.17430784499307e-05	0.00132906279027307	9.40227836009222e-05
cseguro_vivienda_min3	7.15222414713566e-05	0.000134327594302847	0.000159838732121568
ccheques_emitidos_max3	7.14532848593573e-05	0.000544766987159442	9.96641506169775e-05
Master_status_avg3	7.14182304094196e-05	0.000499783198871439	0.000142914631073402
mpagodeservicios_avg3	7.02855518080993e-05	0.000155628965210712	0.000116588251665143
mtarjeta_master_descuentos_avg3	6.97698050166722e-05	0.000507683576726506	9.40227836009222e-05
mcheques_emitidos_rechazados_min3	6.9631011205512e-05	0.000554526301515522	3.00872907522951e-05
Master_mconsumosdolares_min3	6.80717211829491e-05	4.1620295511331e-05	5.26527588165164e-05
cforex_buy_max3	6.67299650664105e-05	0.000182775717763539	6.39354928486271e-05
cforex_buy_tend3	6.52620660923074e-05	9.31972946528914e-05	6.20550371766086e-05
mcheques_emitidos_rechazados	6.50917250896857e-05	0.000942908414591069	9.96641506169775e-05
mcajeros_propios_descuentos_max3	6.49226327723482e-05	0.000150327989320308	9.77836949449591e-05
Visa_madelantopesos	6.43393858615514e-05	0.000216038162765257	0.000137273264057346
ctarjeta_master_debitos_automaticos_min3	6.38522287655915e-05	9.89524704223106e-05	7.52182268807377e-05
mcajeros_propios_descuentos	6.38210040689912e-05	0.00104438695635133	0.000112827340321107
mcajeros_propios_descuentos_tend3	6.3495974658049e-05	7.98076540402137e-05	6.95768598646824e-05
cpagodeservicios_tend3	6.34591324249532e-05	0.000169163835237531	7.33377712087193e-05
cforex_buy	6.3419298572445e-05	0.000129301224734254	9.96641506169775e-05
mforex_sell_ratioavg3	6.28211069078247e-05	0.000269816512547651	0.000220013313626158
mcheques_emitidos_rechazados_ratioavg3	6.25406527520163e-05	0.00015463700740243	4.88918474724795e-05
ctarjeta_visa_max3	6.18448631150893e-05	0.00017612932430762	7.89791382247746e-05
mcheques_depositados	6.1414953856549e-05	0.000205524269101054	0.000148555998089457
Master_mpagosdolares_tend3	6.12662904304251e-05	0.000297922801976166	6.95768598646824e-05
ccheques_depositados_tend3	5.9545945112121e-05	8.04533112877319e-05	6.7696404192664e-05
mprestamos_prendarios_avg3	5.91512249171582e-05	0.000500895942551623	0.000127870985697254
Visa_mpagosdolares_min3	5.89887999652052e-05	0.000263913039137031	0.000114707795993125
Master_Finiciomora_ratioavg3	5.78539011233867e-05	0.00142371023130844	9.40227836009222e-05
ccheques_emitidos_rechazados_min3	5.78458209220516e-05	0.000483727166669969	2.82068350802767e-05
cseguro_auto_ratioavg3	5.76837304772016e-05	0.000242426551863254	8.65009609128484e-05
mcheques_emitidos	5.75655417423462e-05	0.000155425541756678	0.000122229618681199
cforex_buy_avg3	5.73173260309353e-05	0.00031719812028252	9.77836949449591e-05
mforex_buy_tend3	5.65168520697688e-05	0.000672167138407736	0.00012034916300918
Master_mpagosdolares_ratioavg3	5.63221096177832e-05	0.000105554170037399	6.20550371766086e-05
cinversion2_eficiencia3	5.60067040089686e-05	0.000150720926932373	0.000107185973305051
ctarjeta_visa_descuentos_tend3	5.56992950925619e-05	0.000113376001279747	8.462050524083e-05
ccheques_emitidos_rechazados_ratioavg3	5.47793662918417e-05	0.000104487552037341	5.0772303144498e-05
ctarjeta_master_descuentos_max3	5.42830396517046e-05	0.000260881426253943	6.01745815045902e-05
ccheques_emitidos_min3	5.41630628674919e-05	0.000321213406760829	4.32504804564242e-05
Master_madelantopesos	5.37999643387801e-05	5.34914705523466e-05	0.000122229618681199
ccheques_depositados_avg3	5.34613583439467e-05	0.000239806285954587	0.000118468707337162
mcheques_depositados_rechazados_max3	5.34288562735459e-05	0.000190424910096682	3.76091134403689e-05
cpagodeservicios_max3	5.33373676408731e-05	0.000159879073333294	8.08595938967931e-05
mforex_sell_min3	5.31424825948156e-05	7.88077188415783e-05	5.82941258325718e-05
ccheques_emitidos_rechazados_max3	5.18839121729273e-05	0.00017641548761802	3.3848202096332e-05
cprestamos_prendarios_max3	5.11245142387629e-05	0.000480015021025122	9.40227836009222e-05
Master_cadelantosefectivo_eficiencia3	5.10378245632148e-05	0.000231078611810089	5.82941258325718e-05
cplazo_fijo_min3	5.08501469287507e-05	0.000323262982436461	7.70986825527562e-05
Visa_madelantodolares_avg3	5.07222141695256e-05	6.61260204857233e-05	9.40227836009222e-06
Master_mconsumosdolares_avg3	5.03364843056319e-05	7.24991371848914e-05	8.462050524083e-05
ctarjeta_master_descuentos_ratioavg3	5.01279020097757e-05	3.00399883955398e-05	4.51309361284427e-05
mtarjeta_master_descuentos_max3	4.99938298414917e-05	0.000221595233340879	6.20550371766086e-05
Master_mconsumosdolares_ratioavg3	4.96288509089158e-05	9.47288513266732e-05	7.33377712087193e-05
Master_msaldodolares_max3	4.92191329698385e-05	0.00035591423660796	0.000118468707337162
ccajeros_propios_descuentos_ratioavg3	4.84500307581818e-05	8.5968347152641e-05	9.21423279289037e-05
Visa_madelantopesos_max3	4.84412573018705e-05	0.000122964210840151	4.32504804564242e-05
minversion1_pesos_min3	4.83964466655842e-05	0.000806323423366438	7.70986825527562e-05
ccheques_depositados	4.8012498573182e-05	0.000505875879617385	9.77836949449591e-05
Master_msaldodolares_avg3	4.79928624788316e-05	0.000319939274337325	0.000105305517633033
mcajeros_propios_descuentos_avg3	4.74515963841483e-05	0.000631141056203562	0.000112827340321107
mtarjeta_master_descuentos_tend3	4.71985403715396e-05	0.000330846310162064	6.20550371766086e-05
ccheques_depositados_rechazados	4.69478087609824e-05	4.35572672538855e-05	2.82068350802767e-05
minversion1_dolares_eficiencia3	4.56282767890324e-05	0.00074080450274152	5.45332144885349e-05
ctarjeta_master_descuentos_avg3	4.5423965438517e-05	0.000550011303123483	5.45332144885349e-05
cprestamos_hipotecarios_ratioavg3	4.5381915632428e-05	4.48424452948033e-05	3.00872907522951e-05
cinversion1	4.487396617789e-05	0.00040872425393043	5.64136701605533e-05
cprestamos_prendarios	4.48701213399276e-05	0.00022029962332796	9.59032392729406e-05
ctarjeta_master_avg3	4.48390722072871e-05	0.000233333656424461	9.59032392729406e-05
cinversion2_max3	4.44087461527968e-05	0.000240812050784635	6.7696404192664e-05
ccaja_seguridad_tend3	4.42976480124249e-05	0.000463120340094102	3.3848202096332e-05
Master_madelantodolares	4.41329502622568e-05	1.02911403796963e-05	8.83814165848668e-05
cseguro_auto_avg3	4.38279681957971e-05	0.000285291013447143	6.58159485206455e-05
ccajeros_propios_descuentos_tend3	4.38178674200485e-05	1.2296226762968e-05	4.51309361284427e-05
cinversion2	4.26760911594437e-05	0.000447342596086913	0.000107185973305051
mplazo_fijo_pesos_eficiencia3	4.25059093994394e-05	0.000536712788854468	5.26527588165164e-05
cseguro_vivienda_tend3	4.20982020911241e-05	0.000305458879005055	7.14573155367009e-05
ccheques_emitidos_rechazados_tend3	4.20490950153717e-05	0.00106502824934449	3.19677464243135e-05
cprestamos_hipotecarios	4.19115344499384e-05	0.000532506965475774	5.82941258325718e-05
ctarjeta_visa_descuentos	4.18375451356783e-05	0.00011931322518802	9.21423279289037e-05
ccajas_extracciones_min3	4.14259712220652e-05	0.000132986165432509	4.51309361284427e-05
Visa_madelantopesos_avg3	4.11926451445929e-05	0.000150181634889578	3.3848202096332e-05
cinversion2_tend3	3.99849082559599e-05	0.000750788820415284	3.94895691123873e-05
cinversion2_min3	3.79297670473269e-05	0.0001646578369782	5.26527588165164e-05
Visa_madelantopesos_ratioavg3	3.78387973867546e-05	0.000187310659631463	4.32504804564242e-05
Master_cadelantosefectivo	3.77647793728865e-05	2.14590777787136e-05	9.40227836009222e-05
ccajas_depositos_min3	3.70973161659014e-05	0.000185400381464325	5.82941258325718e-05
Master_mpagosdolares_min3	3.68477376307265e-05	0.000178372505110696	3.3848202096332e-05
mplazo_fijo_pesos_ratioavg3	3.5757054608487e-05	0.000236611647940413	3.76091134403689e-05
Master_Finiciomora_eficiencia3	3.57460792239684e-05	0.000600815415868799	7.33377712087193e-05
cinversion1_avg3	3.54546057607631e-05	0.000779577176719088	6.20550371766086e-05
Master_madelantopesos_eficiencia3	3.52495309341242e-05	0.000350147912946892	4.88918474724795e-05
mpagodeservicios_min3	3.50448568094717e-05	0.000362218215924058	7.14573155367009e-05
minversion1_dolares_ratioavg3	3.41641766166343e-05	0.000109592161395947	4.51309361284427e-05
mcheques_emitidos_min3	3.32043780320512e-05	3.751060991383e-05	4.13700247844058e-05
minversion1_dolares_min3	3.31160169301519e-05	0.000405883177947726	3.94895691123873e-05
mcheques_emitidos_rechazados_eficiencia3	3.21606667404475e-05	0.000140885315996752	8.08595938967931e-05
Visa_cadelantosefectivo_ratioavg3	3.21320356066285e-05	4.32793881565456e-05	2.63263794082582e-05
mcheques_depositados_min3	3.21121074916866e-05	0.000128167719384303	3.3848202096332e-05
ctarjeta_master_max3	3.20241637957774e-05	0.000155252800573238	4.13700247844058e-05
minversion1_dolares_tend3	3.16258157429806e-05	0.000125728376597901	3.00872907522951e-05
mtarjeta_master_descuentos	3.14434444247988e-05	0.000674903178750775	5.0772303144498e-05
cseguro_auto	3.04156898989749e-05	0.000261821428750686	7.89791382247746e-05
Master_status_ratioavg3	2.99333594781378e-05	0.000402890020177115	5.64136701605533e-05
tcuentas_tend3	2.95016422108413e-05	0.000194638199494553	7.14573155367009e-05
cinversion1_max3	2.92886310136566e-05	0.000271992703726598	3.19677464243135e-05
Visa_delinquency_min3	2.88636326490311e-05	0.000181704599697127	4.51309361284427e-05
Visa_cadelantosefectivo_eficiencia3	2.8861183987382e-05	0.000331344794784969	4.51309361284427e-05
ccajeros_propios_descuentos_max3	2.83605051002125e-05	3.55831496751594e-05	3.76091134403689e-05
Master_madelantopesos_max3	2.78393256088572e-05	2.00408409576563e-05	2.44459237362398e-05
cseguro_auto_min3	2.76900237925343e-05	3.80508224247426e-05	5.26527588165164e-05
mcheques_depositados_rechazados_avg3	2.76434680370676e-05	4.22072473477807e-05	3.19677464243135e-05
mpayroll2_eficiencia3	2.69654819066694e-05	0.000330857458053713	3.19677464243135e-05
minversion1_dolares	2.63687561292943e-05	0.000618647644714914	7.14573155367009e-05
Visa_cadelantosefectivo_tend3	2.60498618793144e-05	0.000234113497468707	2.82068350802767e-05
mprestamos_hipotecarios_min3	2.54803566181351e-05	0.000320992392138322	3.3848202096332e-05
cforex_min3	2.50947088212558e-05	0.000106017370049122	5.64136701605533e-05
minversion1_dolares_avg3	2.4521034214121e-05	0.000351928302835186	4.32504804564242e-05
ccajas_consultas_min3	2.42752917877909e-05	4.2705936519157e-05	4.13700247844058e-05
cpagodeservicios_min3	2.26963118154393e-05	0.000539394419304322	3.3848202096332e-05
ctarjeta_master_descuentos	2.26405250681323e-05	0.000214556209095601	2.82068350802767e-05
ctarjeta_master_descuentos_tend3	2.24493670224968e-05	1.2637618160436e-05	2.44459237362398e-05
cseguro_auto_max3	2.2119117920949e-05	9.62338166992742e-05	5.26527588165164e-05
Visa_madelantopesos_min3	2.20159300358661e-05	2.70281144398669e-05	3.00872907522951e-05
ctarjeta_visa_tend3	2.18705324254869e-05	0.000429457491461142	5.45332144885349e-05
minversion1_dolares_max3	2.15746898947833e-05	0.000185270902282421	2.82068350802767e-05
Visa_cadelantosefectivo_avg3	2.08119690894987e-05	6.7118489665181e-05	3.3848202096332e-05
cforex_buy_min3	2.0318970128706e-05	2.34560844973957e-05	1.50436453761475e-05
mplazo_fijo_pesos_max3	1.98980472581583e-05	6.89688351304271e-05	1.88045567201844e-05
cinversion1_min3	1.95105766729178e-05	0.000174166681732002	3.57286577683504e-05
cforex_sell_min3	1.94888543804897e-05	1.48122752258533e-05	3.19677464243135e-05
Visa_madelantopesos_tend3	1.93562732164606e-05	1.97060973854835e-05	2.06850123922029e-05
tcallcenter_min3	1.91681416734325e-05	1.60079633108739e-05	3.57286577683504e-05
cprestamos_prendarios_min3	1.88405180896691e-05	0.00025645550872086	4.88918474724795e-05
cinversion1_tend3	1.87512167220608e-05	0.000104919047036118	2.25654680642213e-05
cliente_vip_ratioavg3	1.83730860374341e-05	0.00012109586510949	1.88045567201844e-05
ccheques_depositados_min3	1.83535645806871e-05	0.000169981517748842	1.6924101048166e-05
ccheques_depositados_rechazados_ratioavg3	1.7777017661322e-05	8.74414029638249e-06	2.06850123922029e-05
mpayroll2	1.68017978151431e-05	0.00121468511513269	4.70113918004611e-05
ccheques_depositados_rechazados_max3	1.67808323882235e-05	1.36763152942543e-05	1.12827340321107e-05
Visa_cadelantosefectivo_max3	1.63697158770396e-05	0.000253650228720516	4.51309361284427e-05
ccheques_depositados_rechazados_tend3	1.6241681734716e-05	2.57168564689449e-06	9.40227836009222e-06
mprestamos_hipotecarios_tend3	1.57016065323477e-05	0.000251564141142878	3.00872907522951e-05
Master_cadelantosefectivo_max3	1.56587558935053e-05	2.37089064070845e-05	2.06850123922029e-05
ccajeros_propios_descuentos	1.54040343220209e-05	3.82498480866578e-05	2.82068350802767e-05
cpayroll2_trx_eficiencia3	1.51521160506078e-05	0.000493634062747602	3.3848202096332e-05
Master_cadelantosefectivo_min3	1.50481265951777e-05	5.9304942635893e-05	9.40227836009222e-06
Master_madelantodolares_max3	1.50141290228636e-05	5.43689834913147e-07	9.40227836009222e-06
ctarjeta_visa_descuentos_min3	1.49814566237553e-05	4.68681910736078e-05	9.40227836009222e-06
Master_madelantopesos_tend3	1.48918120254723e-05	2.66674954861604e-05	2.06850123922029e-05
Visa_status_min3	1.47393366813615e-05	5.63411375708163e-05	2.63263794082582e-05
Master_madelantopesos_avg3	1.4524473192064e-05	0.000163071665862762	2.82068350802767e-05
mplazo_fijo_pesos_avg3	1.43696068018072e-05	6.30486910194513e-05	2.25654680642213e-05
Master_cadelantosefectivo_tend3	1.31487964847107e-05	1.98215649971496e-05	1.12827340321107e-05
mplazo_fijo_pesos_tend3	1.18519333931302e-05	5.9852518891748e-05	1.6924101048166e-05
cliente_vip_avg3	1.17034878067364e-05	6.79875138426183e-05	1.6924101048166e-05
mpayroll2_tend3	1.17007174377323e-05	6.28536540527133e-06	7.52182268807377e-06
ccuenta_corriente_max3	1.14171202783183e-05	5.65024240399017e-06	5.64136701605533e-06
ccuenta_corriente_eficiencia3	1.13286134822349e-05	2.97883937766748e-06	2.06850123922029e-05
mtarjeta_master_descuentos_ratioavg3	1.10291143109019e-05	5.81593689261748e-05	2.06850123922029e-05
Master_cadelantosefectivo_ratioavg3	1.09782784373114e-05	5.51224377828507e-05	1.31631897041291e-05
mtarjeta_visa_descuentos_min3	1.08958293936631e-05	4.03344015507661e-05	1.31631897041291e-05
Master_madelantopesos_ratioavg3	1.0877639959207e-05	5.49692309783548e-05	1.6924101048166e-05
cliente_vip_min3	1.04429322093908e-05	4.20756204069354e-06	1.50436453761475e-05
cseguro_auto_tend3	1.01903955459982e-05	0.00011451666582617	2.25654680642213e-05
ccheques_depositados_rechazados_avg3	9.84035367519638e-06	4.45162927583965e-05	1.6924101048166e-05
cliente_vip_max3	9.74746681425762e-06	6.69384870110336e-07	9.40227836009222e-06
cprestamos_prendarios_tend3	9.58630345825308e-06	2.97085175988969e-05	2.44459237362398e-05
mpayroll2_avg3	8.99986947678102e-06	0.000276216425096471	1.12827340321107e-05
mplazo_fijo_pesos	8.89294143105009e-06	0.000276590646523474	1.31631897041291e-05
ccuenta_corriente_min3	8.82301307527898e-06	1.93866949486073e-05	9.40227836009222e-06
mcheques_depositados_rechazados_tend3	8.00975542690932e-06	5.75514508714864e-05	5.64136701605533e-06
mtarjeta_master_descuentos_min3	7.58010422637119e-06	5.38545440877005e-06	3.76091134403689e-06
cprestamos_hipotecarios_min3	7.46854018183104e-06	1.96528125088865e-05	1.12827340321107e-05
Master_cadelantosefectivo_avg3	7.07164810590278e-06	1.75860547617223e-05	1.50436453761475e-05
cliente_vip	6.21870365793446e-06	1.58995526214443e-05	2.06850123922029e-05
mpayroll2_max3	5.53831830130868e-06	0.000166362339383893	9.40227836009222e-06
cliente_vip_eficiencia3	5.19117158041543e-06	0.000318250931260811	2.25654680642213e-05
cpayroll2_trx_max3	5.09839682264127e-06	0.000125931084132287	5.64136701605533e-06
cpayroll2_trx_avg3	5.02811006838337e-06	0.000518898764822237	1.12827340321107e-05
Master_madelantodolares_min3	4.83388743700838e-06	4.1502884689194e-07	9.40227836009222e-06
Master_delinquency_min3	4.39633400043409e-06	2.39004660498219e-06	9.40227836009222e-06
mcheques_depositados_rechazados_ratioavg3	4.17853354576043e-06	0.000109840585513517	2.25654680642213e-05
ccuenta_corriente	4.05852693613858e-06	5.20166760791623e-07	3.76091134403689e-06
mpayroll2_ratioavg3	4.0443224991026e-06	0.000287148211286155	9.40227836009222e-06
mcajeros_propios_descuentos_min3	3.95724293036735e-06	0.000211168375050925	7.52182268807377e-06
Master_status_min3	3.82417091708065e-06	5.98713373510452e-07	5.64136701605533e-06
ccajeros_propios_descuentos_min3	3.62349247663949e-06	1.67780883027656e-06	3.76091134403689e-06
Visa_cadelantosefectivo_min3	3.11852586248399e-06	7.17652172722998e-05	5.64136701605533e-06
cpayroll2_trx_ratioavg3	3.11683708326838e-06	0.000483586437322181	1.12827340321107e-05
Visa_madelantodolares_tend3	2.97240914252513e-06	7.56829341301221e-08	5.64136701605533e-06
cliente_vip_tend3	2.96885898714683e-06	1.22729082373171e-08	5.64136701605533e-06
mforex_buy_min3	2.91154773884436e-06	6.5822368281085e-05	1.12827340321107e-05
mplazo_fijo_pesos_min3	2.057730939254e-06	0.00034468943473411	1.12827340321107e-05
Master_madelantopesos_min3	1.92762578330236e-06	0.000144321628028965	9.40227836009222e-06
ccuenta_corriente_avg3	1.91339735505781e-06	1.76361691370247e-06	1.88045567201844e-06
cprestamos_hipotecarios_tend3	1.54408616257747e-06	1.0670884615406e-05	1.88045567201844e-06
cpayroll2_trx	1.26063837422482e-06	9.93174871681355e-06	9.40227836009222e-06
cliente_antiguedad_tend3	7.47432072100863e-07	5.66599263622806e-08	1.88045567201844e-06
cpayroll2_trx_tend3	6.23591871435517e-07	9.25786378034953e-07	1.88045567201844e-06
Master_madelantodolares_avg3	3.29320986725951e-07	1.82764058500714e-07	1.88045567201844e-06
mcuenta_corriente_adicional_eficiencia3	2.22887090014263e-07	9.25350689792528e-05	1.88045567201844e-06
Visa_madelantodolares_min3	2.11821696869914e-07	1.22422259667238e-07	1.88045567201844e-06
Visa_madelantodolares_max3	8.30547967086135e-08	6.3512300128116e-08	1.88045567201844e-06
